time,q1_healthy,q2_healthy,q3_healthy,q4_healthy,omega1_healthy,omega2_healthy,omega3_healthy,wheel1_i_healthy,wheel1_w_healthy,wheel2_i_healthy,wheel2_w_healthy,wheel3_i_healthy,wheel3_w_healthy,wheel4_i_healthy,wheel4_w_healthy,q1_faulty,q2_faulty,q3_faulty,q4_faulty,omega1_faulty,omega2_faulty,omega3_faulty,wheel1_i_faulty,wheel1_w_faulty,wheel2_i_faulty,wheel2_w_faulty,wheel3_i_faulty,wheel3_w_faulty,wheel4_i_faulty,wheel4_w_faulty,
0,0,0,0,0,0,0,0,0,0,0,0,0,0,0,0,0,0,0,0,0,0,0,0,0,0,0,0,0,0,0
0.1,-0.70574,0.0026412,0.11556,-0.6944,0.0023412,0.010162,-0.00091139,0.092973,-1.1647,0.45024,-0.63136,-2.1541,2.0421,-0.26446,-1.2963,-0.70821,-0.00050663,0.12304,-0.69395,0.0022741,-0.0047155,-0.0072498,-0.1283,-1.6999,0.010295,1.4417,-0.64072,0.3486,-0.23103,-0.38709
0.2,-0.70301,-0.0075737,0.11714,-0.70532,-0.0025699,-0.0077766,-0.00078739,0.95967,-0.59704,-0.013815,0.42596,-3.0634,-0.78692,-0.040497,-0.45335,-0.7024,-0.012543,0.1389,-0.69106,-0.0070669,-0.004791,0.0062472,0.47779,-0.089422,-0.49948,0.0015543,-1.5963,-1.6527,-0.037513,0.22097
0.3,-0.72092,0.01118,0.138,-0.71411,0.0049994,-0.0050673,0.0029851,0.054585,1.4282,-2.0335,-0.31825,-0.42048,-0.50051,-0.90444,-2.066,-0.69223,0.0052678,0.10615,-0.69488,0.0045062,0.0002327,0.0089924,0.92686,2.5037,0.91946,-1.3316,-1.7561,0.14056,-2.0345,-0.00663
0.4,-0.70145,0.0013177,0.11169,-0.70683,-0.0049727,0.00053846,0.0035565,1.4093,1.8992,2.5703,-2.2048,-0.92447,-0.43706,-2.9614,0.65368,-0.71125,-0.0020237,0.12642,-0.68462,0.0013382,-0.014484,0.012411,-0.20137,1.1515,1.1823,-0.38666,-0.55231,-2.9155,0.032346,-0.32088
0.5,-0.71429,0.0065326,0.14505,-0.72821,-0.0039744,-0.00084501,0.006699,2.4313,0.89337,-0.76787,-0.20182,-1.6107,-0.51459,-0.57948,-2.5427,-0.72682,-0.0062713,0.12068,-0.68638,0.00058262,-0.008967,0.011743,-0.35722,1.5937,-0.11919,-0.14995,-1.4046,0.14354,-1.2652,-3.0839
0.6,-0.69466,-0.011042,0.12262,-0.69663,-0.010927,-0.0035326,0.0040179,-0.50828,1.5616,0.27186,0.2627,-1.2994,-1.7045,0.9564,-2.0361,-0.70917,0.0046817,0.12453,-0.68931,-0.0097356,-0.0094394,0.0064844,1.5495,2.5967,0.30628,0.20902,-0.63095,-1.516,-0.90786,-0.97732
0.7,-0.72191,-0.015487,0.1182,-0.71321,-0.0054192,-0.0095737,0.010944,0.0036025,1.9626,0.89023,0.25779,-1.7234,-0.29969,-0.27147,-3.0283,-0.70557,-0.012019,0.11661,-0.69821,-0.00776,-0.0052687,0.010236,3.3212,1.4784,1.9535,-0.4075,-1.2498,-1.0969,-0.256,-1.7113
0.8,-0.69272,0.010734,0.11716,-0.70114,-0.011134,-0.00038861,0.0097451,0.066502,2.1486,-0.39457,0.18209,-1.3096,-2.0348,-0.64836,-3.518,-0.69458,-0.0098818,0.13251,-0.7018,-0.002776,0.0003011,0.009863,0.86776,4.0365,-0.40932,1.3348,-0.90273,-1.7441,-3.1866,-0.013551
0.9,-0.70504,0.016957,0.13506,-0.68348,-0.0085668,-0.0068204,0.0071695,0.91633,3.4269,-1.3793,-0.014111,1.566,-3.909,-2.0707,-2.5839,-0.71264,-0.018304,0.14957,-0.69812,-0.021646,-0.0023741,0.0010182,1.148,1.3103,0.27174,0.017717,-2.1288,-3.1336,-2.3054,-2.6362
1,-0.70305,0.0042028,0.113,-0.70149,-0.014861,-0.0075943,0.010746,-0.56025,3.3613,0.20543,-0.0030568,-2.6749,-2.3959,-1.2132,-2.7024,-0.70927,0.021708,0.13792,-0.72204,-0.017681,-0.014364,0.010034,0.66553,0.75758,-0.60946,-1.2321,-2.6726,-2.5192,-0.91937,-2.9429
1.1,-0.72931,0.0029352,0.11736,-0.6959,-0.011117,-0.0026265,0.0092337,1.1154,3.8578,0.42563,-0.18881,-1.6931,-3.0572,-0.43167,-5.0165,-0.70686,-0.00081383,0.13461,-0.69918,-0.018738,-0.0069802,0.010541,-1.1311,3.858,-0.84401,-0.1866,-1.3865,-5.3583,-1.0556,-3.7184
1.2,-0.71638,-0.0023588,0.12566,-0.71132,-0.021164,-0.0027184,0.013376,1.1805,4.8214,0.18845,-1.3273,-1.047,-4.6608,-0.71965,-4.7457,-0.72131,0.015358,0.13136,-0.69491,-0.0097867,0.00813,0.025116,0.76618,3.4764,0.37141,-1.6681,-1.2702,-3.5924,-3.7016,-3.2458
1.3,-0.69952,-0.011023,0.12547,-0.71393,-0.020042,-0.0057511,0.0097109,2.3575,4.2527,0.97959,0.5313,-1.2096,-3.1649,-1.3606,-5.7079,-0.68631,0.016981,0.12487,-0.69389,-0.014421,0.0003089,0.0083862,2.4453,4.9647,-1.4874,-1.1376,-0.57046,-4.4365,1.161,-4.2818
1.4,-0.71005,0.015702,0.11437,-0.68608,-0.017002,-0.010031,0.017092,1.0544,3.3048,-1.625,-0.66276,-1.439,-4.7177,0.12533,-4.1241,-0.71381,0.014057,0.12863,-0.70672,-0.021114,-0.0062443,0.017926,0.62294,3.5776,-0.53038,-1.1517,0.024334,-2.9955,-0.099343,-3.8427
1.5,-0.6914,0.01689,0.1003,-0.69245,-0.026814,-0.0071229,0.031613,1.23,3.6209,0.44416,0.61284,-2.075,-6.6533,-1.4136,-3.8852,-0.69972,0.023445,0.13824,-0.70418,-0.019004,-0.01157,0.025576,2.4102,3.8065,0.46618,-0.41153,-3.2326,-3.8371,-0.87451,-3.5891
1.6,-0.69232,0.00042353,0.11831,-0.71289,-0.02691,-0.012708,0.022323,0.0097486,5.5235,0.039574,-0.50211,-1.3603,-6.7835,-0.7579,-5.4513,-0.68466,0.012283,0.12841,-0.71485,-0.01829,-0.011633,0.019673,1.9617,3.6136,-0.29287,-0.18367,-0.15038,-7.808,-1.3172,-4.9324
1.7,-0.71051,0.008044,0.1341,-0.704,-0.025203,-0.016716,0.027064,1.6546,5.2392,1.4852,-1.2411,-2.411,-6.0116,-1.0924,-8.4252,-0.70547,0.007738,0.13205,-0.70032,-0.022725,-0.0056066,0.018638,-0.51674,3.729,-0.022376,-1.3936,-0.67268,-6.6869,-2.5444,-4.8409
1.8,-0.69529,0.02743,0.14388,-0.69786,-0.02386,-0.0081526,0.021306,0.84815,6.4048,-0.56081,-2.3493,-0.45237,-5.6192,-2.2121,-6.2639,-0.70839,0.0012747,0.13071,-0.6924,-0.02823,-0.0079805,0.023316,0.87272,2.6227,-1.1545,-0.49261,-1.983,-5.7119,1.1961,-5.7479
1.9,-0.69424,-0.0049941,0.12821,-0.71489,-0.021568,-0.015438,0.026661,-0.31595,4.8422,-1.6064,-2.2325,-0.17683,-5.4744,0.50077,-6.8631,-0.70568,0.0052429,0.1049,-0.70193,-0.025293,-0.0096951,0.029813,1.5596,3.9109,-0.8743,-1.6249,-0.98072,-7.3292,-1.0669,-5.9154
2,-0.7031,0.013177,0.11765,-0.70416,-0.022685,-0.0028705,0.02442,1.8528,4.549,0.22197,1.5523,-0.99753,-7.0317,1.1928,-6.2585,-0.67835,0.010037,0.12342,-0.72827,-0.026632,-0.0103,0.02016,-0.37134,5.8367,-1.0292,-0.53407,-1.6768,-6.8503,-1.3459,-6.4104
2.1,-0.69595,0.0070856,0.11105,-0.72363,-0.028308,-0.010974,0.025449,1.4125,6.579,-0.65351,-1.1788,-1.1946,-7.0279,-0.9174,-6.8401,-0.70998,-1.5263e-05,0.11012,-0.71739,-0.028205,-0.0044019,0.037868,-1.1712,5.166,-0.047837,-1.8833,-1.5648,-4.8755,0.96512,-6.0929
2.2,-0.7028,0.023272,0.10174,-0.70118,-0.02852,-0.0068214,0.031885,-0.049368,6.0698,0.2917,-2.2805,-3.1147,-7.9106,-1.237,-8.5274,-0.69691,0.010913,0.11128,-0.70567,-0.03119,-0.012594,0.035626,0.0061462,5.508,-0.53443,-2.4325,-0.52375,-8.6827,-2.6758,-7.0309
2.3,-0.68989,0.020309,0.12951,-0.72379,-0.038246,-0.010074,0.032113,1.9734,5.2851,1.1652,-0.42781,-1.2874,-7.8719,-1.373,-7.5521,-0.6899,0.0081775,0.10774,-0.7134,-0.034023,-0.014898,0.029259,0.14879,4.8976,0.88327,-2.301,-1.303,-7.937,-2.9341,-6.3388
2.4,-0.69935,0.02236,0.11557,-0.71073,-0.041292,-0.019326,0.028201,1.3719,5.9553,-1.6483,-1.4689,-0.21342,-8.2743,-0.46382,-7.9819,-0.70567,0.0090053,0.12145,-0.69303,-0.031536,-0.0097861,0.035682,-0.50801,6.9125,-0.19085,-1.3816,-1.8674,-7.9622,-2.7338,-7.5301
2.5,-0.68742,0.026134,0.10183,-0.72519,-0.032381,-0.016219,0.035227,1.5211,6.3137,-1.0892,-1.3434,-1.9491,-9.6994,-2.1592,-8.6823,-0.70899,0.022563,0.10511,-0.70358,-0.032738,-0.020479,0.042025,2.3508,5.7088,0.50801,-1.3882,-0.50026,-7.5449,1.4254,-7.6644
2.6,-0.69197,-0.0050106,0.11022,-0.70479,-0.033312,-0.010016,0.046556,0.0069406,7.073,0.016693,-1.5452,-0.39257,-7.6496,-1.7434,-9.0585,-0.66828,0.014291,0.13665,-0.69101,-0.034825,-0.0036997,0.03732,1.6577,6.1857,-0.70449,-0.91474,-0.40257,-8.2878,-0.61664,-8.7615
2.7,-0.7024,0.022396,0.10806,-0.69208,-0.03631,-0.012441,0.042606,-0.98199,7.4908,-0.041754,-0.58426,-2.9021,-8.4272,-2.0927,-8.6293,-0.70364,0.019996,0.1188,-0.73667,-0.043858,-0.015992,0.0485,-0.50825,5.7145,-0.46291,-0.13142,-2.1685,-10.022,-0.9919,-9.7836
2.8,-0.67639,0.028625,0.10586,-0.72409,-0.038386,-0.0051612,0.039535,-0.051124,7.6562,-0.47452,-2.7276,-2.08,-8.6092,-1.5957,-12.486,-0.70362,0.040265,0.11962,-0.70326,-0.039797,-0.011606,0.046993,1.0841,8.7848,-1.9629,-0.77195,-1.0819,-9.7384,1.0714,-8.4762
2.9,-0.68884,0.016531,0.11234,-0.72813,-0.049608,-0.016582,0.040601,0.18839,9.8808,0.26978,-1.1296,-0.38982,-7.8174,-0.20312,-10.017,-0.68299,0.029267,0.10039,-0.71633,-0.041751,-0.012117,0.04113,1.6638,9.0955,-0.99293,-1.7763,-0.77542,-8.328,-3.3156,-10.418
3,-0.71055,0.02866,0.091713,-0.70641,-0.041754,-0.011452,0.040435,0.889,7.6033,-0.13698,-1.9505,-1.3854,-10.481,0.16607,-12.22,-0.66341,0.026043,0.096727,-0.71725,-0.055709,-0.022124,0.049359,0.26844,9.9996,1.1881,-2.5244,-0.87016,-10.511,-0.86984,-11.738
3.1,-0.6658,0.025529,0.092704,-0.73253,-0.042758,-0.019196,0.048149,0.46909,6.6934,0.36325,-2.2252,-0.47225,-11.321,-1.4494,-12.545,-0.67821,0.042759,0.092777,-0.71216,-0.041305,-0.01321,0.049898,0.18041,8.7594,-1.8896,-0.20258,-0.23185,-10.884,-1.2741,-11.269
3.2,-0.65956,0.039411,0.097999,-0.71477,-0.056195,-0.015675,0.038969,1.3177,9.2807,-0.4607,-0.92606,-0.16812,-12.351,-0.6527,-12.146,-0.67579,0.020512,0.083666,-0.70588,-0.044729,-0.016407,0.047356,1.2561,7.8277,-0.93467,-2.5334,-1.2832,-11.646,-0.95047,-12.009
3.3,-0.66863,0.035544,0.10788,-0.72277,-0.038223,-0.0024503,0.049487,2.0373,10.909,0.87828,-3.0028,1.0589,-11.161,-1.4169,-10.312,-0.6762,0.039095,0.09965,-0.72528,-0.047549,-0.013204,0.056132,1.3613,7.3073,-2.2193,-4.0596,-0.90873,-12.205,-1.2699,-12.202
3.4,-0.67696,0.020953,0.11021,-0.71767,-0.057378,-0.0221,0.047967,2.0166,7.9136,-0.72627,-3.1525,-1.4126,-10.821,-1.8315,-12.808,-0.68418,0.048279,0.11258,-0.73614,-0.053622,-0.014068,0.047489,1.1731,8.5792,0.56572,-1.6383,-0.22895,-11.373,-0.98224,-11.574
3.5,-0.6719,0.040894,0.10445,-0.73607,-0.051433,-0.016875,0.053535,1.3023,8.832,-0.10961,-1.3181,-0.087251,-10.081,-0.39879,-12.115,-0.68304,0.028846,0.10711,-0.72824,-0.048812,-0.020682,0.059576,0.71364,9.9519,0.54957,-3.9814,-1.3726,-11.359,-0.68242,-10.669
3.6,-0.66086,0.051522,0.11109,-0.72773,-0.056814,-0.0093669,0.051627,1.0112,8.8849,-0.82257,-4.9711,-2.1826,-11.631,-2.2759,-12.383,-0.67669,0.034718,0.11772,-0.73321,-0.052082,-0.017569,0.053268,-0.89037,7.5101,-2.4544,-3.1926,-1.5666,-9.817,-1.1099,-13.322
3.7,-0.66297,0.031526,0.10621,-0.71065,-0.053003,-0.011941,0.048506,1.5268,11.056,-0.96061,-3.7032,0.27793,-13.783,-2.0741,-13.257,-0.665,0.030463,0.082574,-0.72915,-0.048518,-0.019802,0.056803,1.4623,9.2218,1.7024,-3.1631,0.26833,-11.909,0.66667,-13.559
3.8,-0.67088,0.064067,0.088426,-0.73752,-0.059202,-0.014367,0.069605,-0.11411,13.391,-1.3222,-3.254,-1.0047,-10.8,-1.173,-12.42,-0.67568,0.045756,0.097371,-0.75873,-0.051774,-0.012421,0.05728,3.0619,10.318,-0.37288,-2.7971,0.48841,-10.702,-1.2368,-14.303
3.9,-0.64809,0.052738,0.089134,-0.74157,-0.052817,-0.021009,0.06117,2.2192,9.0661,-0.50356,-2.8311,0.58461,-12.599,-1.5911,-12.641,-0.66099,0.060772,0.10686,-0.74555,-0.05987,-0.011003,0.05532,0.49757,9.0855,1.3081,-3.6208,0.48978,-12.015,-1.1778,-13.86
4,-0.66035,0.053288,0.069347,-0.7208,-0.059155,-0.011183,0.061822,1.709,9.3548,0.26997,-5.9155,-2.2488,-11.942,-0.36287,-15.549,-0.67285,0.047131,0.098167,-0.74222,-0.054454,-0.010313,0.058278,2.8076,12.32,-0.72266,-4.5175,-2.0877,-12.358,-2.0069,-14.242
4.1,-0.68418,0.051688,0.10819,-0.74788,-0.060768,-0.018273,0.061971,0.50581,11.738,-0.68368,-1.9693,0.033748,-12.64,-0.62952,-13.652,-0.65646,0.058759,0.091983,-0.74316,-0.052583,-0.0086429,0.059018,2.2081,11.54,-0.93611,-3.8693,0.012209,-14.22,-0.76832,-14.586
4.2,-0.67974,0.049743,0.09474,-0.73672,-0.054774,-0.013814,0.064717,-0.31956,11.571,-1.1508,-3.1729,-0.93191,-13.486,-0.84049,-14.645,-0.63238,0.052962,0.093688,-0.7454,-0.054028,-0.0078188,0.052145,0.82991,11.045,-0.57295,-3.4523,-0.41627,-12.577,-0.93862,-16.732
4.3,-0.66442,0.045162,0.072897,-0.74,-0.058499,-0.010673,0.065948,-1.6312,10.145,1.4783,-6.569,-2.0802,-13.858,-1.2223,-17.597,-0.66591,0.072245,0.098872,-0.7355,-0.059056,-0.0051628,0.064239,0.5657,12.492,-0.69037,-5.3205,-1.8527,-13.166,-1.0483,-15.843
4.4,-0.64144,0.05384,0.089651,-0.75656,-0.057601,-0.012296,0.061059,0.20808,11.591,-1.4306,-5.0127,-1.4794,-13.751,-1.5242,-16.2,-0.66073,0.055258,0.081565,-0.75501,-0.064354,-0.013681,0.066237,0.14707,13.551,-3.5036,-5.6037,-1.29,-11.504,-1.2706,-17.449
4.5,-0.6592,0.074098,0.10525,-0.78014,-0.058014,-0.011631,0.067331,1.7225,12.839,-1.6559,-6.408,-1.2582,-12.086,-1.7128,-16.185,-0.65132,0.052277,0.092941,-0.74518,-0.061132,-0.015177,0.067503,0.94028,11.46,-1.696,-6.3382,-1.0606,-13.407,-1.1609,-16.948
4.6,-0.6438,0.050173,0.091348,-0.73507,-0.059649,-0.013852,0.059704,2.1505,12.217,-1.2463,-6.7827,0.57126,-15.077,-2.2377,-17.777,-0.64805,0.076226,0.085692,-0.74922,-0.067215,-0.012116,0.063463,0.13829,11.946,-2.3062,-6.2658,-1.8683,-14.351,-0.1685,-16.422
4.7,-0.65162,0.078295,0.080536,-0.75535,-0.060198,-0.016936,0.064948,-0.044993,12.221,-2.187,-5.5241,-0.52166,-12.708,-0.91027,-18.001,-0.642,0.058927,0.091405,-0.76411,-0.0719,-0.011049,0.067119,0.42202,12.624,0.95273,-5.6342,-0.76079,-11.266,1.31,-16.612
4.8,-0.64454,0.064766,0.082817,-0.76812,-0.068989,-0.013931,0.069096,1.6837,12.66,-1.2402,-7.5381,1.5657,-14.296,-1.5576,-18.432,-0.63136,0.074917,0.070555,-0.73915,-0.069248,-0.012579,0.071721,1.1505,12.04,0.29588,-6.341,-2.0008,-15.025,-0.010082,-17.873
4.9,-0.63994,0.052134,0.078667,-0.75482,-0.066516,-0.0096997,0.071456,0.096059,12.126,-1.055,-6.8141,0.88882,-14.677,-0.62691,-18.941,-0.63308,0.05009,0.058336,-0.77735,-0.071892,-0.0060522,0.060701,2.483,12.597,-1.6493,-6.1432,0.33697,-14.401,-0.22243,-17.929
5,-0.62836,0.059006,0.072768,-0.77526,-0.07164,-0.012419,0.061243,2.6274,14.01,-2.2508,-6.3502,-0.36254,-14.636,-0.75134,-18.557,-0.63655,0.066463,0.090502,-0.74691,-0.083865,-0.018848,0.062042,0.84268,13.488,-0.98639,-6.2949,-0.30639,-13.915,0.0067947,-18.313
5.1,-0.62618,0.075127,0.076674,-0.76941,-0.078334,-0.016307,0.063047,-0.79452,13.366,-1.1016,-5.3361,0.036331,-14.397,-1.4204,-19.196,-0.64446,0.074657,0.062684,-0.76736,-0.073351,-0.016528,0.066419,-0.68797,13.356,-1.0229,-6.1411,-1.317,-11.7,0.70409,-18.113
5.2,-0.62837,0.082144,0.061609,-0.7652,-0.079197,-0.011952,0.079107,0.56327,12.796,-1.8577,-8.4012,0.062918,-12.337,-1.597,-17.528,-0.64547,0.080059,0.071574,-0.76368,-0.077505,-0.016818,0.066348,2.5722,13.413,-0.93606,-9.3228,-2.1006,-14.806,0.16453,-19.89
5.3,-0.61879,0.07472,0.067749,-0.78087,-0.07645,-0.0082968,0.076772,0.55968,12.634,-1.325,-9.3927,0.35788,-14.785,-1.0587,-18.246,-0.61696,0.074853,0.072603,-0.7629,-0.07301,-0.010911,0.062973,-0.42627,12.876,0.0029521,-7.7103,0.96316,-13.857,-1.9269,-20.088
5.4,-0.61082,0.074387,0.068259,-0.7717,-0.085033,-0.0067307,0.073409,-0.22825,13.826,-0.73266,-8.6024,-0.50702,-14.68,-0.62572,-20.047,-0.62988,0.085474,0.063376,-0.78721,-0.080385,-0.014541,0.064284,0.60451,16.065,-0.54444,-9.1207,-0.01096,-13.133,-1.3464,-19.045
5.5,-0.60425,0.078886,0.063301,-0.79193,-0.080527,-0.022445,0.076273,1.5246,15.734,-1.2967,-10.078,-0.49031,-12.958,-2.533,-19.895,-0.62845,0.061304,0.06619,-0.781,-0.084961,-0.022081,0.07994,1.3804,15.211,-0.25623,-8.9705,1.2081,-11.944,-1.0107,-20.856
5.6,-0.61858,0.056433,0.059587,-0.78077,-0.08222,-0.015171,0.067221,0.39645,15.07,-0.61338,-8.9919,0.46163,-14.669,-1.0723,-20.673,-0.62091,0.086194,0.047483,-0.78757,-0.073138,-0.0035924,0.080523,-0.3082,15.683,-1.2295,-8.5744,-0.45108,-14.771,0.10884,-21.828
5.7,-0.59882,0.082311,0.074738,-0.79795,-0.083104,-0.0037158,0.081085,0.26239,16.254,-1.0558,-10.05,-1.9207,-14.197,-1.7157,-22.856,-0.61862,0.095652,0.060655,-0.80422,-0.077736,-0.019894,0.071103,-0.093205,13.836,-1.7582,-8.6255,-2.1244,-13.351,-1.3519,-19.762
5.8,-0.60398,0.073905,0.077651,-0.79087,-0.083088,-0.011965,0.065304,0.96826,16.416,-1.6994,-8.0263,-0.5592,-15.012,0.95711,-18.513,-0.60099,0.084425,0.060728,-0.80402,-0.086339,-0.013298,0.07242,1.6502,15.818,-1.8582,-9.9668,-0.033218,-13.614,-2.1637,-20.313
5.9,-0.62379,0.077687,0.073852,-0.78207,-0.086466,-0.013252,0.080265,0.79023,16.53,-1.4083,-10.785,-0.28697,-13.33,0.22874,-22.401,-0.60322,0.084039,0.062667,-0.78306,-0.093471,-0.0097791,0.071155,1.8736,15.166,-0.59794,-11.948,-1.6662,-14.404,-0.78325,-21.894
6,-0.60932,0.083641,0.067134,-0.79129,-0.091506,-0.012375,0.076278,-0.46098,15.885,-1.1226,-9.5751,-0.41504,-14.543,-1.3191,-22.629,-0.60416,0.086121,0.054002,-0.79025,-0.094594,-0.0089947,0.073152,1.4117,17.988,-1.462,-10.859,-0.26222,-14.381,0.1763,-21.692
6.1,-0.5862,0.093671,0.061538,-0.80985,-0.085848,-0.0080442,0.077061,-0.84216,15.376,-2.6475,-9.9287,-1.7004,-14.831,-0.32668,-24.132,-0.6124,0.10764,0.04876,-0.80703,-0.084722,-0.0096969,0.076514,-0.2649,14.519,-1.0797,-10.526,1.324,-13.748,-1.9082,-23.135
6.2,-0.61065,0.10548,0.048503,-0.81133,-0.095357,-0.002979,0.075989,1.2358,16.058,0.13408,-11.906,-2.0657,-14.54,-1.1495,-21.239,-0.59439,0.099087,0.059728,-0.82116,-0.079909,0.0033602,0.082009,1.3096,16.201,-1.954,-11.857,2.2613,-12.287,-2.1517,-22.357
6.3,-0.59355,0.090499,0.057665,-0.8026,-0.091944,-0.019781,0.072962,1.1453,17.588,-1.5256,-12.8,-0.48573,-12.227,-1.9357,-24.258,-0.59916,0.11262,0.043169,-0.78798,-0.099422,-0.014836,0.071305,0.61783,17.304,-1.2674,-10.928,0.43873,-13.362,-1.3949,-23.821
6.4,-0.5786,0.10427,0.055445,-0.80185,-0.089053,-0.010977,0.087545,0.56023,17.932,-1.819,-12.414,1.6686,-13.758,-1.6399,-24.324,-0.58572,0.11245,0.043008,-0.81689,-0.099728,-0.010812,0.074758,2.1387,17.769,-1.4971,-11.226,-0.58431,-12.187,-0.33917,-23.453
6.5,-0.57866,0.11502,0.03462,-0.81171,-0.096927,-0.0023561,0.073849,1.7484,16.47,-1.7078,-13.964,0.74502,-15.622,-0.57248,-23.966,-0.58754,0.11612,0.049439,-0.79494,-0.084729,-0.009171,0.077075,0.18552,17.73,-0.73548,-13.127,0.43941,-12.687,-0.45554,-23.911
6.6,-0.56978,0.090835,0.048936,-0.81245,-0.099637,-0.0035892,0.080547,1.4325,16.547,-1.7609,-12.817,-0.11687,-11.806,-2.3253,-24.143,-0.56735,0.096044,0.039328,-0.81153,-0.10047,-0.012544,0.084506,1.5103,16.38,-2.8151,-13.561,-0.60044,-11.747,-1.6219,-24.791
6.7,-0.56889,0.11833,0.044308,-0.81393,-0.092242,-0.014732,0.082276,1.2909,17.489,-0.36098,-13.302,-0.67056,-13.207,-0.57862,-25.389,-0.57794,0.10587,0.04677,-0.83868,-0.097898,-0.010439,0.079478,1.132,18.084,-1.511,-13.421,0.9661,-13.996,-1.0438,-24.008
6.8,-0.57273,0.12879,0.048935,-0.80765,-0.0958,-0.012472,0.079473,1.3105,17.065,-1.4349,-14.936,0.027619,-14.725,-0.16585,-27.545,-0.56717,0.11724,0.019508,-0.80269,-0.096205,-0.0055279,0.077031,0.34556,17.64,-3.1492,-14.888,0.23211,-12.155,-1.0149,-25.436
6.9,-0.58308,0.12319,0.02043,-0.80649,-0.090231,-0.0091339,0.082934,1.6071,17.572,-0.11576,-14.946,-0.037985,-13.006,-0.073606,-26.139,-0.56461,0.11912,0.033905,-0.82757,-0.10593,-0.0072491,0.081768,0.64793,19.464,0.58737,-14.613,0.95835,-13.205,-1.1972,-23.796
7,-0.57486,0.092283,0.028841,-0.83124,-0.09618,-0.018898,0.078226,0.86542,17.922,0.18821,-14.795,-1.3253,-13.716,0.21965,-25.999,-0.55767,0.1075,0.025941,-0.81303,-0.10389,-0.0046532,0.07817,1.5315,17.137,-1.6276,-14.319,3.0989,-12.683,-1.5305,-26.191
7.1,-0.57795,0.11295,0.034521,-0.78857,-0.097904,-0.010258,0.080627,1.4956,18.773,-2.3447,-16.114,1.5679,-13.158,1.1336,-25.926,-0.55896,0.12407,0.02867,-0.8214,-0.094755,-0.019017,0.078348,1.2578,17.203,-2.5198,-15.218,0.29763,-12.464,0.38019,-26.256
7.2,-0.55625,0.12246,0.020861,-0.82635,-0.10544,-0.0027782,0.08216,2.191,16.746,-2.2324,-14.293,0.55451,-12.985,-1.6239,-26.487,-0.5554,0.14259,0.02391,-0.82552,-0.10293,-0.0083709,0.081031,1.5263,19.383,-2.827,-17.454,0.34865,-13.947,-1.6705,-26.057
7.3,-0.55475,0.13094,0.029324,-0.81171,-0.099323,-0.0067694,0.080931,-0.27874,17.471,-1.8475,-15.677,1.7964,-12.109,-1.9057,-25.077,-0.54007,0.1275,0.025079,-0.83269,-0.11388,-0.0026567,0.08326,2.0722,18.939,-1.13,-16.94,0.7693,-11.383,-0.8245,-27.645
7.4,-0.54344,0.13666,0.012715,-0.82963,-0.10754,0.002137,0.077799,1.7385,17.851,-0.42927,-14.802,0.6758,-11.815,0.2796,-27.184,-0.53226,0.13049,0.012865,-0.82643,-0.11159,-0.0036008,0.070292,0.8431,18.841,-0.24237,-15.143,-0.52407,-12.429,-0.40166,-27.578
7.5,-0.52565,0.12189,0.014457,-0.84074,-0.11102,-0.0057592,0.086539,1.7737,19.88,-0.0023982,-15.485,0.83496,-12.01,-2.9383,-28.13,-0.5414,0.12383,0.017378,-0.8474,-0.10838,-0.0099587,0.079324,1.2473,20.199,-0.9025,-14.967,2.5126,-11.157,-0.68018,-28.489
7.6,-0.53961,0.13093,0.030553,-0.85052,-0.10693,-0.0018172,0.083469,0.50228,20.625,-0.79931,-17.925,1.0923,-10.121,-1.9219,-27.789,-0.52108,0.14636,0.014453,-0.8379,-0.10592,-0.0052217,0.085958,0.56738,19.681,-1.2487,-16.864,1.4885,-11.12,-1.8915,-27.564
7.7,-0.52208,0.13142,0.019184,-0.83078,-0.11442,0.00059503,0.086623,0.048504,19.661,-1.8266,-18.31,1.4547,-10.065,-1.4855,-28.755,-0.53523,0.12422,0.0077574,-0.8679,-0.11524,-0.0094545,0.080108,1.3243,20.055,-0.76954,-18.87,-0.34913,-12.489,-2.1334,-29.573
7.8,-0.52162,0.13161,0.023609,-0.83611,-0.10826,0.0033782,0.084613,1.0512,21.118,-0.23071,-17.925,-0.78349,-10.114,-0.36394,-29.935,-0.51126,0.13576,0.020932,-0.84187,-0.12073,-0.0046813,0.075535,0.6586,20.319,-1.1842,-19.399,0.50172,-12.694,-0.75994,-29.996
7.9,-0.50781,0.15906,0.024628,-0.86042,-0.10683,-0.0078716,0.088751,0.85637,20.217,-1.0835,-18.026,0.9008,-10.68,-1.0807,-29.005,-0.50757,0.13806,0.0088129,-0.84307,-0.12596,-0.010881,0.081049,0.85874,20.519,-0.05399,-18.884,1.3037,-10.719,-0.45417,-29.128
8,-0.51089,0.13413,0.014626,-0.88123,-0.11635,0.00040266,0.075957,0.86838,20.788,-1.4054,-19.306,0.54258,-11.581,-1.0894,-30.446,-0.50842,0.13033,0.010658,-0.8495,-0.1159,-0.0076468,0.081463,0.41635,22.593,1.3749,-19.942,-0.099448,-9.5143,-3.8477,-29.573
8.1,-0.49854,0.14462,0.01362,-0.8412,-0.11206,-0.0021461,0.076765,1.2975,19.6,-0.92453,-20.544,0.041868,-8.694,-1.2213,-31.952,-0.49777,0.15073,0.00081844,-0.8721,-0.11724,0.0039496,0.076584,2.8355,20.95,-1.8067,-18.363,0.35239,-10.196,-1.8315,-28.462
8.2,-0.50382,0.1405,-0.0016379,-0.85684,-0.10733,-0.0061402,0.086004,0.5519,20.378,-1.745,-21.125,-1.9426,-10.238,1.2317,-29.607,-0.49791,0.16608,0.00044766,-0.85127,-0.122,-0.0019455,0.086775,2.53,21.871,-0.84288,-20.84,0.14945,-8.2271,-1.1215,-29.565
8.3,-0.48885,0.15833,0.0042553,-0.84979,-0.11871,-0.0010919,0.085024,0.053601,21.844,-1.4515,-20.121,1.7707,-7.9552,-1.5826,-31.12,-0.47864,0.14172,-0.013257,-0.86968,-0.11193,-0.0065657,0.078081,1.0375,21.004,-2.6667,-19.035,2.0717,-9.7447,-1.4956,-31.492
8.4,-0.477,0.15145,-0.0019954,-0.87727,-0.1259,-0.016386,0.073797,-0.82826,21.96,-0.65212,-20.831,-0.32629,-8.5093,-0.34064,-32.446,-0.47522,0.14437,0.0069885,-0.85629,-0.11947,-0.0029864,0.082239,0.28023,22.818,0.25849,-20.66,2.4042,-8.3438,-1.608,-31.274
8.5,-0.47948,0.14573,-0.012794,-0.87894,-0.1269,0.002539,0.080593,1.4523,23.578,-0.089282,-20.093,1.5047,-8.8298,0.33982,-30.812,-0.48263,0.14254,-0.0024234,-0.8526,-0.1282,-0.0047154,0.077474,-0.73675,22.976,-1.5426,-19.597,0.72111,-7.8451,0.92085,-31.303
8.6,-0.47251,0.14697,-0.010401,-0.88232,-0.11873,-0.0087312,0.079227,-0.63149,21.429,-1.3174,-20.093,1.1113,-8.7288,-2.2169,-31.552,-0.50267,0.14153,0.012589,-0.87547,-0.12637,-0.0030312,0.084666,0.61617,20.952,-0.31465,-20.976,-0.35814,-7.0247,-1.2541,-32.179
8.7,-0.46039,0.14863,0.00025929,-0.86171,-0.11775,-0.006156,0.08229,-0.55729,23.441,-1.9974,-19.851,0.20708,-6.8623,-1.1367,-30.821,-0.46817,0.17854,-0.0018132,-0.87198,-0.12745,-0.0011251,0.079016,0.0039122,23.244,-0.79012,-20.235,0.25652,-6.8908,-1.0789,-33.901
8.8,-0.45923,0.16143,-0.015372,-0.867,-0.12226,-0.0056262,0.076312,0.86154,24.009,-1.662,-21.618,0.59764,-7.0398,-2.2353,-32.065,-0.45309,0.17124,0.00038633,-0.8703,-0.11981,-0.0077242,0.075186,0.68092,20.632,-2.7176,-21.559,1.3795,-7.6632,0.56131,-34.848
8.9,-0.45811,0.15344,0.0019915,-0.86965,-0.12972,0.0013039,0.070703,-0.51249,23.033,-0.73998,-22.577,1.7488,-9.1917,0.38833,-34.118,-0.44744,0.15585,-0.0043222,-0.86886,-0.13039,-0.013531,0.076162,0.83113,22.116,-3.9333,-20.785,2.0848,-7.743,-0.43116,-31.751
9,-0.44512,0.16551,-0.022591,-0.89392,-0.13301,-0.0074333,0.076095,-0.60141,23.569,-1.2037,-22.394,0.96297,-6.2739,0.68806,-32.023,-0.43481,0.16432,-0.0092883,-0.87905,-0.13215,-0.0085813,0.075319,0.28406,20.756,0.90726,-21.52,0.87935,-7.7149,0.98321,-34.583
9.1,-0.45142,0.1613,-0.016213,-0.90472,-0.12692,-0.0052215,0.073614,1.2331,21.725,0.56873,-24.282,1.1906,-7.2089,-1.7937,-32.769,-0.44696,0.1571,-0.037143,-0.90054,-0.14219,-0.0035651,0.073105,3.9312,22.301,-2.3721,-22.814,0.078746,-6.6046,-0.9052,-33.771
9.2,-0.43094,0.16181,-0.012916,-0.88188,-0.13242,-0.0032919,0.075851,0.29266,23.969,-1.8986,-24.605,0.65979,-4.8414,-0.245,-33.437,-0.43386,0.15925,-0.026282,-0.87883,-0.12615,0.0097233,0.070651,-0.20844,22.959,-0.51572,-23.02,-0.41479,-5.3409,0.28872,-32.361
9.3,-0.40896,0.1529,-0.028193,-0.90434,-0.13521,-0.00010808,0.080866,0.1102,24.246,-1.8237,-24.806,0.34572,-6.7603,-0.53677,-33.933,-0.42075,0.1631,-0.022655,-0.88451,-0.1308,0.00087821,0.074914,-1.0091,22.722,-2.3219,-23.685,0.060156,-6.7581,-0.78817,-33.188
9.4,-0.4388,0.18652,-0.048627,-0.89955,-0.12858,-0.00044284,0.082939,0.092459,23.981,-1.9222,-23.021,1.0476,-4.6128,0.59253,-33.235,-0.42366,0.17032,-0.034083,-0.89522,-0.13378,-0.0056227,0.064041,2.3997,25.372,-1.009,-25.403,1.1122,-6.5134,-0.32607,-32.559
9.5,-0.40716,0.16932,-0.047978,-0.8917,-0.13065,0.0040849,0.069524,3.007,24.079,-1.597,-24.261,0.34895,-7.1925,0.57073,-34.124,-0.41395,0.1829,-0.017366,-0.88935,-0.13761,-0.0040889,0.07924,-0.042694,24.42,-0.97103,-23.19,-1.0197,-5.1042,0.73115,-33.698
9.6,-0.42023,0.17425,-0.031518,-0.88746,-0.13715,-0.0037557,0.067915,2.2405,24.933,-1.8009,-25.544,1.567,-4.0892,0.55858,-33.656,-0.40746,0.16814,-0.032391,-0.89533,-0.13268,0.0016874,0.076871,-0.12508,23.635,-2.3328,-25.617,0.0092631,-4.8359,-0.11749,-32.623
9.7,-0.40491,0.18314,-0.048323,-0.90517,-0.12491,0.0030079,0.06998,0.97666,22.676,-0.50084,-24.144,0.306,-5.2136,1.4294,-34.57,-0.39268,0.17409,-0.028861,-0.89922,-0.13432,0.0026018,0.076355,0.69694,24.908,-0.86021,-25.271,2.2745,-4.6909,-0.35632,-31.802
9.8,-0.40123,0.16338,-0.047919,-0.89134,-0.14646,0.0048916,0.071864,-0.66943,24.013,-0.68552,-25.277,2.167,-6.1159,0.4773,-35.091,-0.41713,0.1824,-0.028428,-0.90126,-0.13606,0.008614,0.076545,1.9856,26.28,-0.95999,-25.988,0.49063,-2.695,-0.071775,-33.212
9.9,-0.40467,0.17815,-0.021505,-0.91308,-0.13419,-0.0046324,0.079477,1.9013,24.592,-1.7235,-26.014,-0.46261,-4.6542,-0.46837,-32.149,-0.3872,0.16549,-0.031355,-0.91329,-0.1366,0.0053033,0.06969,-0.91448,26.048,-1.3936,-24.974,-0.1931,-2.7088,0.79728,-31.88
10,-0.37951,0.18475,-0.032405,-0.90075,-0.14008,0.0085078,0.08002,1.2715,25.606,-1.1329,-24.369,1.9478,-2.243,-0.44538,-33.141,-0.36433,0.16864,-0.035716,-0.92113,-0.14111,0.010514,0.070541,0.55031,24.236,-1.355,-28.595,0.75802,-4.7758,0.2495,-34.107
10.1,-0.37132,0.17312,-0.029987,-0.90515,-0.13853,0.011212,0.065491,0.81067,25.602,-0.19829,-27.539,2.9959,-2.0959,-0.33406,-33.426,-0.37729,0.1783,-0.050759,-0.90111,-0.14393,0.0085214,0.061967,2.4346,26.089,-1.5306,-27.106,1.6032,-2.1749,1.7007,-33.074
10.2,-0.37069,0.18235,-0.038124,-0.9194,-0.13754,0.0040616,0.060778,-0.39451,27.195,-2.7937,-26.192,1.1289,-3.5753,0.28979,-32.499,-0.36681,0.17944,-0.037679,-0.90646,-0.14388,0.0064663,0.064068,0.84619,25.641,-1.4459,-28.335,0.55774,-1.7764,-0.7587,-33.028
10.3,-0.3475,0.18163,-0.046133,-0.90039,-0.1454,0.010848,0.067896,3.0639,25.57,-1.5276,-28.663,0.0083337,-4.6267,0.54705,-34.149,-0.36469,0.18237,-0.049285,-0.89156,-0.13383,0.014528,0.066506,0.26831,26.129,-1.1981,-27.345,1.221,-5.6011,2.5506,-32.654
10.4,-0.34482,0.19876,-0.065353,-0.90846,-0.14318,0.0019401,0.06137,1.5348,25.931,0.26416,-28.136,0.11119,-2.5649,0.13009,-32.47,-0.34775,0.1755,-0.062237,-0.91113,-0.14103,0.017976,0.056229,-0.24278,26.744,-0.75325,-28.148,-0.24251,-3.1,2.4926,-33.163
10.5,-0.35575,0.18336,-0.05525,-0.92645,-0.14468,0.013235,0.066774,0.39897,27.036,-2.095,-28.556,1.6623,-2.7515,2.9916,-30.448,-0.3472,0.18826,-0.046327,-0.9126,-0.14563,0.019998,0.069907,1.3739,26.482,-1.0599,-28.328,0.023806,-1.5929,0.56367,-32.219
10.6,-0.34461,0.18667,-0.056629,-0.9207,-0.13434,0.0095668,0.062429,0.21215,27.385,-2.1834,-28.359,0.26324,0.023384,1.2059,-32.728,-0.35052,0.18995,-0.062578,-0.93043,-0.15113,0.015688,0.067448,1.2474,26.012,-2.5954,-30.256,-1.8635,-1.9339,0.24119,-28.733
10.7,-0.32799,0.1947,-0.057135,-0.93286,-0.14199,0.02436,0.063109,0.08855,25.875,-0.61852,-30.039,0.57762,-1.0486,0.48864,-33.223,-0.33201,0.19033,-0.058422,-0.92342,-0.14428,0.026338,0.060262,-0.70644,28.383,-2.0845,-30.418,0.34519,-2.0213,-0.54446,-30.435
10.8,-0.31934,0.18635,-0.060288,-0.9354,-0.14572,0.017641,0.058856,1.9124,28.216,-2.8374,-28.834,0.7447,-2.512,0.88217,-29.95,-0.32151,0.17717,-0.047187,-0.90767,-0.13464,0.027928,0.063924,2.2854,25.972,-0.2881,-31.4,0.022862,-0.60946,1.2275,-30.074
10.9,-0.30369,0.18244,-0.050967,-0.9292,-0.14146,0.015359,0.057402,0.68938,27.552,-1.5621,-31.155,1.0858,-1.6159,1.1517,-29.975,-0.32339,0.1784,-0.072951,-0.89833,-0.1479,0.025261,0.062069,0.53426,27.837,-1.9626,-31.548,0.87533,-1.441,1.7037,-29.919
11,-0.30975,0.18782,-0.05247,-0.92911,-0.14529,0.020152,0.063941,-0.50771,27.929,-0.81192,-30.252,1.6435,-1.4677,0.86387,-29.718,-0.33155,0.17681,-0.059869,-0.93088,-0.1475,0.020074,0.057923,0.53298,27.406,-2.2678,-30.776,1.0678,-0.92831,2.6007,-27.583
11.1,-0.31971,0.18136,-0.05416,-0.93667,-0.14376,0.039668,0.053253,0.64087,27.545,-0.72074,-30.64,1.3522,0.38515,0.51422,-28.515,-0.30512,0.1753,-0.062619,-0.934,-0.14589,0.02166,0.047639,0.29903,28.23,-1.237,-30.184,1.3201,0.23847,1.0511,-30.239
11.2,-0.2981,0.17921,-0.04911,-0.96297,-0.14723,0.019679,0.045853,1.7021,27.611,-1.2767,-31.36,0.95986,-0.90884,1.4784,-30.977,-0.29057,0.189,-0.068045,-0.9307,-0.14086,0.01984,0.058007,0.091596,26.829,-0.84777,-32.391,-0.31167,0.86363,1.158,-29.527
11.3,-0.29758,0.18357,-0.075604,-0.93873,-0.14121,0.016625,0.042732,2.411,28.54,-1.5916,-31.407,-0.2708,1.8163,0.22962,-28.982,-0.28474,0.17866,-0.068337,-0.93099,-0.13891,0.028262,0.060196,-0.031531,28.758,-1.0845,-30.609,1.738,0.22587,0.42905,-29.435
11.4,-0.26811,0.18613,-0.070416,-0.91392,-0.13974,0.023005,0.048623,1.4257,29.207,-0.43984,-31.489,0.88365,1.3831,0.41535,-30.345,-0.29095,0.18765,-0.05591,-0.92864,-0.14891,0.024058,0.046542,-0.58409,27.757,-0.22479,-32.559,1.8135,2.3336,1.2178,-29.13
11.5,-0.25561,0.20399,-0.06257,-0.93135,-0.14372,0.017272,0.050722,0.48529,27.865,-2.326,-32.063,1.4281,2.3562,1.3163,-31.071,-0.28857,0.20045,-0.066468,-0.93116,-0.13898,0.02982,0.053478,0.98539,29.318,-1.2241,-32.142,0.035057,1.276,-0.97051,-30.743
11.6,-0.26449,0.21322,-0.066875,-0.93649,-0.1344,0.035818,0.049445,-1.5156,29.454,-0.57287,-32.309,-0.10959,2.6647,0.9938,-28.263,-0.28111,0.20212,-0.064827,-0.93066,-0.14928,0.033519,0.040851,0.35408,30.544,-0.24224,-32.971,1.2891,1.7204,0.59817,-28.081
11.7,-0.25854,0.17918,-0.052093,-0.95341,-0.12763,0.03056,0.050674,-0.45187,29.274,-3.2611,-33.805,0.46434,0.8671,-0.18157,-27.875,-0.27625,0.17555,-0.073445,-0.95844,-0.14268,0.023125,0.049019,1.4843,30.031,-1.6146,-32.618,1.4046,1.3647,1.2017,-28.984
11.8,-0.24864,0.17334,-0.089689,-0.95551,-0.13918,0.027398,0.042466,1.735,25.829,-1.647,-32.276,-0.77572,1.2757,0.8441,-27.733,-0.25317,0.19271,-0.061956,-0.94966,-0.13893,0.031246,0.04672,1.1579,28.281,-2.0703,-35.32,0.89064,1.4208,1.4663,-27.611
11.9,-0.236,0.1852,-0.068841,-0.94058,-0.14109,0.034726,0.033412,1.504,29.585,0.28789,-33.427,-0.58187,0.97045,1.5066,-25.998,-0.25259,0.18145,-0.060955,-0.93711,-0.14593,0.038665,0.05509,2.972,30.606,-0.54803,-33.885,-1.8246,2.3266,-0.70273,-26.749
12,-0.23911,0.17458,-0.055173,-0.94869,-0.12768,0.02986,0.051679,0.128,30.98,-0.912,-33.81,0.95793,2.3834,0.44176,-25.398,-0.23012,0.19024,-0.067178,-0.96362,-0.15102,0.039463,0.042629,-1.0062,30.908,-1.5029,-34.528,1.9698,2.6744,2.6396,-26.761
12.1,-0.23083,0.18386,-0.067723,-0.94893,-0.14971,0.035558,0.037427,1.0723,28.109,-2.1773,-34.836,1.9578,5.4513,0.044868,-26.716,-0.22271,0.17734,-0.066575,-0.94508,-0.14192,0.038951,0.041993,0.62303,30.438,-1.1401,-36.039,2.8325,3.6779,2.4599,-27.138
12.2,-0.23496,0.18793,-0.074479,-0.95192,-0.14401,0.039196,0.040658,1.7801,31.86,-2.4725,-36.581,1.4873,3.058,-0.403,-25.042,-0.23105,0.19162,-0.063329,-0.95329,-0.14048,0.042335,0.037834,0.25779,30.52,-1.1104,-35.019,1.4801,3.4643,2.7074,-26.168
12.3,-0.22366,0.18634,-0.089412,-0.96382,-0.13759,0.048284,0.038619,-1.6192,32.283,0.22328,-36.456,-0.18473,2.268,1.4075,-25.333,-0.22976,0.20169,-0.07126,-0.97191,-0.1472,0.039503,0.033363,0.5035,31.693,-2.0497,-35.513,-0.20656,2.9671,1.7166,-26.731
12.4,-0.19922,0.15882,-0.073027,-0.9666,-0.14642,0.044503,0.042176,2.8709,32.168,-1.8388,-35.911,-0.41203,3.6675,1.6324,-24.698,-0.20978,0.19615,-0.080677,-0.95639,-0.13348,0.041375,0.034388,1.9273,30.226,0.15972,-35.079,1.4039,2.7648,0.69249,-25.298
12.5,-0.22711,0.19507,-0.071804,-0.9637,-0.13353,0.050768,0.038643,-0.87676,30.753,-2.179,-37.129,1.4311,2.1544,1.7265,-23.666,-0.20824,0.16389,-0.072862,-0.96549,-0.1557,0.033465,0.038634,-0.036379,32.714,-1.9516,-36.89,0.69244,2.4722,1.2931,-27.056
12.6,-0.18404,0.17572,-0.081544,-0.96378,-0.14216,0.038279,0.038918,0.67758,31.78,1.1841,-35.715,-0.38561,2.1572,-0.01698,-25.875,-0.20913,0.1708,-0.077631,-0.94629,-0.13815,0.037202,0.042882,2.0894,31.834,-0.97709,-35.933,1.518,3.6918,-0.27636,-24.178
12.7,-0.19069,0.16992,-0.064195,-0.95659,-0.14728,0.048079,0.032763,2.3683,31.632,-2.3257,-37.163,-1.4936,4.2772,0.80018,-25.393,-0.19536,0.18544,-0.067905,-0.96762,-0.14204,0.047914,0.033943,1.23,31.048,-2.7845,-38.293,0.32618,6.4543,0.57536,-25.116
12.8,-0.17133,0.18834,-0.082559,-0.94748,-0.13959,0.040232,0.028842,-0.73196,30.835,-1.7092,-37.077,-0.80524,3.6187,0.85291,-24.911,-0.19495,0.17027,-0.082478,-0.96699,-0.14355,0.057176,0.033645,1.6292,32.945,-0.53499,-37.734,2.3464,3.8808,-1.3562,-24.988
12.9,-0.19398,0.18812,-0.085028,-0.97103,-0.13919,0.041958,0.032024,-0.28986,31.804,-0.79611,-36.649,1.0569,3.7186,2.0802,-24.86,-0.16542,0.16321,-0.072663,-0.96247,-0.14744,0.046801,0.038381,0.77616,33.085,-0.97523,-38.41,1.7252,5.4825,1.8069,-24.737
13,-0.17111,0.17635,-0.080009,-0.96548,-0.147,0.049139,0.030595,-0.20821,31.174,-2.2775,-38.218,3.1288,4.3963,0.57891,-23.522,-0.18256,0.16204,-0.063035,-0.9528,-0.14527,0.057776,0.02413,2.1064,30.671,-1.1595,-39.148,2.5052,5.9685,-0.017415,-26.131
13.1,-0.16782,0.1775,-0.086845,-0.99028,-0.14829,0.050395,0.030178,1.1143,31.429,-1.1362,-37.904,2.0765,7.0081,1.0121,-23.852,-0.1563,0.17859,-0.0848,-0.97448,-0.14332,0.05705,0.03889,-2.4358,33.33,-2.2341,-40.35,-1.9016,5.1314,0.58492,-21.64
13.2,-0.16151,0.15538,-0.075926,-0.96211,-0.14721,0.039999,0.027057,0.66491,32.078,-0.37883,-37.931,4.0235,6.142,2.6934,-22.459,-0.14686,0.17827,-0.080304,-0.96957,-0.14598,0.062052,0.03263,0.00018365,33.34,-1.9714,-40.145,0.45069,5.4056,-0.27175,-22.339
13.3,-0.12364,0.18803,-0.074515,-0.98719,-0.15008,0.054283,0.024588,-0.36964,33.81,-1.7507,-40.934,-1.3971,6.0522,0.23205,-23.374,-0.15285,0.16736,-0.088028,-0.97958,-0.14624,0.057688,0.027923,-0.35545,35.088,-0.082372,-40.262,-0.3154,5.3019,-0.23693,-24.257
13.4,-0.12196,0.1661,-0.088719,-0.9729,-0.14699,0.045941,0.025043,0.10661,32.178,-0.16625,-39.369,2.0488,5.8491,0.40341,-22.379,-0.13032,0.16803,-0.080595,-0.97685,-0.15227,0.057802,0.028668,-1.7764,32.568,-0.64766,-41.61,1.0919,6.3285,1.5378,-20.816
13.5,-0.11819,0.15158,-0.077128,-0.97255,-0.1471,0.053707,0.019438,-1.1614,33.232,0.31111,-40.464,1.3115,7.9131,1.5411,-22.382,-0.10876,0.13336,-0.070403,-0.98022,-0.14827,0.065989,0.022273,-0.49937,31.918,-0.31653,-41.27,1.1047,7.1074,1.2855,-22.2
13.6,-0.10823,0.16812,-0.068026,-0.95964,-0.15244,0.056937,0.018357,-0.15227,32.903,-1.1825,-40.364,0.96048,5.7807,-0.72461,-20.021,-0.11239,0.16178,-0.094864,-0.96577,-0.1401,0.06763,0.019445,-1.1775,32.094,-2.5568,-42.127,0.70622,6.1245,0.094465,-23.022
13.7,-0.11053,0.17746,-0.077648,-0.99258,-0.13457,0.056306,0.024269,-1.3064,31.218,-1.7801,-39.471,2.6477,7.697,2.2646,-22.205,-0.12535,0.15381,-0.084843,-0.96944,-0.14663,0.065379,0.027517,-1.6328,32.596,-0.0026756,-41.326,1.1107,9.6139,2.018,-22.209
13.8,-0.11256,0.16124,-0.080669,-0.97937,-0.14302,0.074157,0.017258,-2.2086,31.824,-3.2018,-40.285,1.896,6.7065,1.8332,-20.874,-0.10497,0.16822,-0.10852,-0.97968,-0.13967,0.055648,0.014988,-1.984,31.339,-1.736,-42.047,2.1632,7.5543,1.2797,-19.885
13.9,-0.098012,0.1467,-0.087473,-0.98693,-0.14197,0.06823,0.0157,-0.62248,30.014,-0.60163,-42.019,1.4279,7.9911,-1.0776,-21.501,-0.099713,0.14598,-0.095302,-0.97631,-0.1329,0.061674,0.019513,-2.1144,32.484,0.21783,-42.159,2.0561,6.751,2.559,-20.358
14,-0.10695,0.17551,-0.089606,-0.96879,-0.13654,0.064487,0.02737,-1.2085,29.07,-0.6366,-41.065,0.21641,6.7828,0.69906,-20.742,-0.096073,0.15165,-0.077454,-0.98164,-0.13941,0.060877,0.014168,-0.63183,29.725,0.39479,-43.119,1.1225,7.0883,0.24167,-19.849
14.1,-0.079079,0.16972,-0.083217,-0.98224,-0.12933,0.061496,0.0099162,-0.86899,30.087,-0.38306,-42.08,1.0064,8.9396,-1.9007,-20.27,-0.083964,0.13963,-0.084672,-0.97045,-0.13211,0.06748,0.016942,-0.54833,28.769,-0.96892,-43.653,0.16154,8.4606,3.333,-19.476
14.2,-0.064466,0.15545,-0.084842,-1.002,-0.13504,0.065602,0.012441,0.18905,31.02,-2.4241,-42.107,-0.28699,9.0142,2.0829,-19.795,-0.065535,0.15071,-0.088628,-0.9934,-0.13526,0.066115,0.019004,-1.3019,28.871,0.2156,-41.601,2.4858,8.3888,1.4708,-19.165
14.3,-0.081398,0.1592,-0.090847,-0.98998,-0.12464,0.068878,0.0082017,0.73746,28.118,-0.48432,-42.753,1.3533,8.9176,2.0203,-19.575,-0.064073,0.15066,-0.075573,-0.97251,-0.1262,0.071331,0.019492,-1.6219,27.767,-0.2434,-46.209,1.148,10.237,1.9272,-19.828
14.4,-0.081556,0.13859,-0.07578,-0.97514,-0.12301,0.075133,0.012725,-1.9186,27.042,-1.3369,-43.753,0.71608,8.7672,1.5168,-18.711,-0.067269,0.15082,-0.082455,-0.97827,-0.1329,0.070058,0.010261,-2.3955,26.93,-2.6802,-44.11,-0.39244,7.4763,0.61083,-19.799
14.5,-0.051398,0.14979,-0.083884,-1.0079,-0.12004,0.060751,0.018993,0.1089,26.257,-0.99519,-43.299,0.92043,9.9997,1.2212,-20.526,-0.048492,0.13546,-0.086333,-0.98506,-0.12614,0.077022,0.016016,-0.97885,26.758,-1.7907,-46.253,1.2359,10.641,0.70628,-18.07
14.6,-0.068722,0.13408,-0.086172,-0.9835,-0.12608,0.065561,0.013942,0.26766,27.766,-2.3071,-46.427,2.0896,9.8428,2.3023,-19.769,-0.054035,0.12031,-0.084342,-0.98391,-0.11714,0.083517,0.0085452,-1.2925,26.343,-3.035,-47.324,0.44521,9.5535,1.9888,-18.778
14.7,-0.048572,0.14292,-0.077112,-0.97992,-0.12168,0.065082,0.0084714,0.85039,29.054,-1.6825,-43.945,0.81722,9.6665,-0.27336,-19.199,-0.052411,0.12385,-0.10198,-0.99396,-0.12829,0.077969,0.013093,-1.2412,26.98,-0.52514,-45.472,0.719,10.617,0.48333,-18.282
14.8,-0.033954,0.15241,-0.086433,-0.99219,-0.12886,0.070713,0.0091891,-2.0644,26.268,-1.3161,-45.46,0.82162,11.787,1.9987,-18.908,-0.035785,0.14114,-0.079879,-0.99524,-0.11517,0.082012,0.010397,-2.3439,25.654,-2.3776,-47.096,0.4208,9.8405,0.79687,-18.41
14.9,-0.037578,0.13201,-0.092837,-0.9883,-0.11326,0.070994,0.0068713,-0.64968,27.05,-3.1149,-45.475,-0.022519,10.958,1.6282,-19.153,-0.0288,0.12816,-0.087365,-0.98457,-0.11992,0.082636,0.0086385,-1.6487,26.85,-2.838,-47.227,2.1417,8.4686,0.52125,-16.735
15,-0.032779,0.12501,-0.084878,-0.99699,-0.11159,0.08434,0.0071567,0.085322,25.916,-1.0586,-47.149,0.82074,10.893,1.1923,-18.692,-0.027607,0.12351,-0.084589,-0.99145,-0.1157,0.085361,0.0073499,-0.84148,26.027,-0.88452,-46.928,1.0991,9.8427,1.6871,-17.309
15.1,-0.029417,0.12288,-0.081739,-0.98922,-0.10687,0.07544,0.01138,-0.86778,24.615,-1.5467,-47.279,2.2735,11.455,1.6167,-17.163,-0.036472,0.10978,-0.10056,-0.96809,-0.097731,0.072129,0.0070743,-1.1805,24.299,-1.5845,-46.381,0.25575,8.732,1.9995,-15.789
15.2,-0.0070025,0.13068,-0.08532,-0.99283,-0.11071,0.079475,0.001077,-2.8805,22.714,-1.5169,-45.289,1.4308,11.816,-0.24527,-16.738,-0.020279,0.11197,-0.075766,-0.98422,-0.11727,0.078247,0.0069245,-0.80729,24.444,-0.24608,-47.168,0.32356,9.8284,0.81173,-17.375
15.3,-0.0071446,0.11793,-0.098723,-0.99683,-0.10408,0.084391,0.0045864,-2.1325,25.134,0.19088,-45.778,0.60351,12.091,0.089516,-16.954,0.0054233,0.10669,-0.0881,-1.0005,-0.10847,0.079366,-0.0041863,-1.6789,25.397,-2.4658,-47.607,0.3599,10.346,0.87157,-15.885
15.4,0.0036016,0.12479,-0.079559,-1.0025,-0.10569,0.081219,0.013096,-1.1992,24.348,-1.2143,-47.305,2.5365,12.223,0.92306,-15.994,-0.0077891,0.11133,-0.094428,-1.0012,-0.10341,0.083645,-0.0066721,0.19748,22.275,-0.013816,-49.381,0.85912,11.403,-0.68931,-15.907
15.5,-0.014639,0.11984,-0.09455,-0.9995,-0.10503,0.080287,-0.0063569,-1.3901,23.175,0.41218,-47.502,0.47178,11.729,-0.15798,-16.11,-0.016203,0.079767,-0.10263,-0.98684,-0.10776,0.088259,0.0039417,-1.2174,21.634,-1.7631,-49.874,0.8745,11.606,0.22792,-15.646
15.6,0.013059,0.085321,-0.08852,-0.97769,-0.10024,0.094027,0.0044909,0.45801,21.176,-1.1262,-49.265,-0.90768,10.701,0.19521,-16.855,0.021315,0.10897,-0.076974,-0.98586,-0.10152,0.089493,0.00657,-1.0243,21.908,-1.82,-48.488,1.0018,12.061,-1.1022,-13.457
15.7,0.019168,0.094856,-0.069992,-0.97892,-0.093945,0.094813,-0.0075166,-1.1865,21.135,-0.45096,-49.158,0.88471,12.643,0.16979,-14.555,0.0017557,0.081943,-0.10398,-0.9851,-0.097874,0.092696,-0.011869,-1.25,22.217,-1.2282,-50.5,0.091448,11.569,-0.12633,-16.991
15.8,0.010078,0.092896,-0.085162,-0.96175,-0.097431,0.094221,-0.0057543,-2.1896,20.065,-0.45416,-49.659,0.19913,11.066,0.46348,-15.926,0.020021,0.087607,-0.07054,-0.99807,-0.096602,0.092785,-0.0020302,-1.9103,24.365,-2.9184,-51.077,0.92445,12.468,0.95317,-14.553
15.9,0.016112,0.11052,-0.08364,-0.98749,-0.090756,0.095504,-0.0082093,-1.6644,22.131,-1.4138,-50.59,0.24579,11.37,1.9519,-14.906,0.024007,0.098111,-0.087236,-1.0131,-0.097852,0.086908,0.0060069,-1.697,23.04,-0.21484,-48.838,0.31599,11.557,-0.95587,-13.632
16,0.029515,0.090125,-0.087941,-0.9904,-0.096328,0.098077,-0.0084944,0.0096141,20.655,-0.050703,-50.594,1.4164,12.898,-0.28459,-14.862,0.053775,0.076485,-0.079013,-0.9919,-0.091467,0.088966,0.0017736,0.88455,20.919,0.35739,-50.473,0.7671,10.522,1.0263,-15.003
16.1,0.045617,0.094489,-0.075103,-0.98373,-0.086888,0.081929,-0.0010067,-1.4777,19.259,-0.89947,-50.691,2.1872,12.962,0.60773,-14.369,0.029062,0.085641,-0.081992,-0.99111,-0.091258,0.092119,-0.0079592,0.92047,21.649,-1.1326,-52.309,3.1905,11.969,-1.0472,-12.478
16.2,0.056678,0.083546,-0.06719,-0.96983,-0.093104,0.094811,-0.010113,-1.8713,22.469,-1.8057,-51.34,-0.44167,13.637,2.1644,-12.145,0.023938,0.079931,-0.074022,-0.98277,-0.09331,0.082259,-0.0086391,-0.45405,20.736,-1.0561,-50.215,1.6281,13.807,1.6881,-14.033
16.3,0.029768,0.10039,-0.052078,-1.006,-0.092694,0.089405,-0.0021794,0.0076037,19.886,0.72741,-47.774,0.24711,14.265,0.13984,-12.191,0.042746,0.065372,-0.079477,-1.0078,-0.082513,0.093548,-0.0047677,-0.25326,18.316,1.3365,-51.803,-1.174,12.89,1.3354,-12.749
16.4,0.061364,0.073203,-0.059251,-0.99597,-0.079853,0.090239,-0.0078123,-2.2604,19.828,1.2064,-49.643,2.1136,13.877,2.7755,-13.144,0.050918,0.074586,-0.073874,-1.0007,-0.08222,0.096681,-0.011128,-1.3457,18.751,-0.3678,-50.44,0.55251,12.934,1.6664,-13.249
16.5,0.043673,0.08684,-0.074087,-0.9855,-0.070979,0.093555,-0.016259,-2.0765,18.894,-0.85849,-50.842,1.9597,13.22,2.1275,-12.428,0.061423,0.075605,-0.084474,-0.98602,-0.083752,0.096756,-0.010324,-1.0271,17.825,0.066862,-50.499,2.7399,14.803,1.2014,-12.014
16.6,0.069081,0.076913,-0.063475,-0.98896,-0.072496,0.091844,-0.012656,0.035338,16.589,-0.91501,-50.994,1.4067,16.111,1.7892,-11.725,0.057296,0.064293,-0.070381,-0.99517,-0.079923,0.081498,-0.01603,-0.95947,16.037,0.27192,-49.144,0.37121,15.575,0.23859,-12.517
16.7,0.051165,0.061435,-0.077637,-0.99649,-0.079187,0.093442,-0.015661,-1.2187,17.518,-0.53058,-49.808,2.262,15.398,0.36507,-12.341,0.068574,0.060003,-0.07452,-0.98532,-0.057215,0.088447,-0.011447,-1.2786,15.612,3.0808,-51.271,0.18114,14.975,0.16117,-11.986
16.8,0.072866,0.074565,-0.035609,-0.99158,-0.080665,0.096296,-0.01047,-2.5178,15.454,0.87587,-51.053,1.6575,13.917,1.3116,-12.533,0.090172,0.060421,-0.064862,-0.99715,-0.068443,0.08867,-0.016184,-0.20622,16.794,1.671,-49.868,2.3315,14.729,1.1634,-13.377
16.9,0.070512,0.068128,-0.078221,-0.9906,-0.077861,0.090938,-0.015864,-2.1458,17.034,1.2848,-49.546,0.69012,15.826,1.0887,-13.698,0.068166,0.048703,-0.079151,-0.99787,-0.067231,0.092561,-0.014273,-0.62277,18.232,0.78683,-48.84,2.1867,15.625,1.5265,-11.827
17,0.072304,0.04058,-0.080163,-0.99653,-0.069429,0.097321,-0.010018,-0.90917,16.47,1.2982,-48.307,1.3782,15.198,0.011294,-11.254,0.061909,0.041458,-0.063637,-0.98685,-0.070198,0.094547,-0.014929,-3.4236,17.225,-1.1083,-49.058,0.98996,15.189,0.4732,-12.171
17.1,0.081904,0.043944,-0.063722,-1.0058,-0.069163,0.089718,-0.020541,-1.2753,17.045,1.5452,-48.562,2.2073,16.429,2.6411,-9.7217,0.074737,0.042806,-0.074668,-0.98613,-0.061121,0.088019,-0.022055,0.49934,17.098,0.66236,-48.93,-0.84408,15.039,2.9061,-9.518
17.2,0.089089,0.032362,-0.061082,-0.99097,-0.069411,0.084993,-0.019807,-0.49285,17.995,0.04322,-49.273,1.7198,15.855,1.697,-9.7202,0.082697,0.027874,-0.065921,-0.97924,-0.074526,0.083488,-0.018559,-1.5992,14.323,1.2266,-49.477,1.3902,17.234,0.15194,-12.353
17.3,0.080219,0.019888,-0.084575,-0.99529,-0.069172,0.089914,-0.013182,-2.3816,14.51,0.072061,-47.443,0.28269,15.414,0.99418,-10.846,0.062709,0.025999,-0.063031,-0.99032,-0.06105,0.090909,-0.02285,-1.4373,14.523,2.0866,-47.383,0.49249,14.393,1.0566,-9.2736
17.4,0.089298,0.040444,-0.072187,-0.98799,-0.072689,0.086432,-0.026373,-1.1438,15.887,0.73334,-49.505,1.0418,18.416,2.2352,-9.4403,0.094935,0.02462,-0.074904,-0.98946,-0.061191,0.091588,-0.028737,-0.54206,13.534,0.59564,-47.486,2.6168,17.811,0.91434,-9.2756
17.5,0.076068,0.020759,-0.051762,-0.98608,-0.061088,0.088454,-0.020122,-1.0508,15.911,1.8771,-47.537,1.2716,17.737,2.2663,-6.9618,0.093,0.0054808,-0.053436,-0.98279,-0.059857,0.0771,-0.023828,-1.0952,12.398,1.4831,-46.604,1.6396,17.461,0.29456,-8.5481
17.6,0.1093,0.012187,-0.067361,-0.98456,-0.056097,0.086968,-0.010833,-1.4761,12.835,-1.1052,-48.578,-0.33839,17.497,1.2897,-8.6907,0.094218,0.016682,-0.058589,-0.98767,-0.055177,0.087397,-0.028256,-0.19191,14.107,2.7832,-47.511,0.097541,16.453,1.1582,-6.658
17.7,0.094686,0.019224,-0.079952,-0.99575,-0.066396,0.088304,-0.025447,-0.61989,14.038,0.90885,-46.072,-0.083108,17.806,2.6318,-7.6994,0.092956,0.0046761,-0.052524,-0.97511,-0.048735,0.085804,-0.022027,-2.3767,11.288,0.56541,-45.935,0.91959,15.447,0.33405,-7.679
17.8,0.10969,0.03464,-0.074378,-0.99327,-0.046122,0.080292,-0.027278,0.87891,13.106,1.6329,-46.839,1.0691,18.829,-0.87873,-7.102,0.10909,0.0045094,-0.040273,-0.99059,-0.055306,0.096075,-0.028706,-1.4612,13.419,0.43519,-47.144,-0.83052,15.958,1.6561,-8.1457
17.9,0.11607,-0.013311,-0.033857,-1.0044,-0.051952,0.089538,-0.026344,-1.109,12.031,2.3083,-47.12,0.42486,18.656,1.9859,-9.543,0.099154,-0.0059284,-0.061221,-0.99601,-0.044353,0.093594,-0.03456,0.16649,11.835,-0.43856,-45.28,-0.28739,16.79,0.82698,-6.8108
18,0.096231,0.014362,-0.040971,-0.99195,-0.05376,0.082203,-0.035668,0.0081988,11.112,0.6777,-46.242,-0.7924,18.747,0.059701,-6.8179,0.094424,-0.00075748,-0.051953,-1.011,-0.045188,0.095108,-0.026563,-0.40144,11.867,-1.1756,-46.006,0.18542,17.107,0.52617,-7.0241
18.1,0.10472,-0.023972,-0.061017,-0.99893,-0.041268,0.08324,-0.02471,-1.6067,12.397,2.1329,-44.439,1.2756,18.465,2.269,-6.9537,0.10457,0.0026105,-0.048581,-0.99277,-0.046388,0.083092,-0.024874,-2.8169,11.177,-1.3091,-46.269,-0.34129,16.91,1.2423,-8.2941
18.2,0.097878,0.0029107,-0.058603,-0.99879,-0.054491,0.093346,-0.025949,0.62343,10.807,2.2516,-44.127,0.43238,19.624,0.066669,-6.0611,0.10086,0.0098294,-0.046075,-1,-0.046376,0.093387,-0.024632,-2.1211,9.7321,-0.61958,-44.922,0.3359,17.831,0.48416,-7.1561
18.3,0.098631,-0.028317,-0.025603,-0.99543,-0.048437,0.090307,-0.035873,-2.6771,12.595,-0.25578,-44.305,0.34491,16.859,-0.20178,-7.3804,0.093114,-0.0079579,-0.037679,-1.0027,-0.036762,0.083347,-0.031979,-2.0678,9.757,0.81261,-43.51,1.891,19.195,1.0534,-7.7164
18.4,0.12678,-0.01795,-0.063387,-0.98267,-0.0411,0.086786,-0.032058,-0.38618,10.112,0.25347,-44.466,0.59396,18.418,1.0713,-5.3163,0.10493,-0.0094274,-0.059929,-0.99966,-0.032746,0.072755,-0.033324,-1.4633,8.3068,1.3007,-43.431,-0.42183,18.529,1.3535,-7.9854
18.5,0.12667,-0.012849,-0.037339,-1.0017,-0.0339,0.082438,-0.030032,-1.928,9.2202,-0.67292,-43.99,-1.6404,16.389,1.5357,-7.3526,0.12561,-0.024551,-0.04899,-0.99141,-0.040504,0.080154,-0.028881,-3.5595,11.033,0.5973,-45.247,-0.16911,17.974,1.3169,-4.9709
18.6,0.11866,-0.010724,-0.040505,-0.99791,-0.041371,0.076618,-0.029148,-0.57317,9.1455,-0.73161,-43.777,-0.056798,17.312,2.1278,-5.7967,0.13766,-0.0081025,-0.040424,-0.9832,-0.040869,0.085805,-0.034327,-1.7154,8.9542,-0.41618,-45.246,1.8011,18.195,0.77911,-5.0179
18.7,0.11997,-0.0062862,-0.039108,-0.96985,-0.040719,0.074149,-0.037731,-0.96633,10.048,1.106,-44.91,-0.47543,17.387,0.97841,-6.4285,0.11537,-0.019185,-0.039738,-0.9895,-0.03657,0.089533,-0.036321,-2.4423,10.294,-1.4198,-43.523,-1.0592,19.187,0.87063,-5.6286
18.8,0.1333,-0.018202,-0.03349,-0.98424,-0.043654,0.079683,-0.032868,-1.23,8.3461,0.69177,-44.681,0.75896,18.758,1.0824,-6.5562,0.11551,-0.019958,-0.029409,-0.99386,-0.034442,0.076464,-0.043887,0.48942,6.7736,-0.29071,-42.905,2.1385,20.388,-0.46684,-4.1936
18.9,0.14471,-0.022161,-0.043454,-0.98252,-0.042776,0.08453,-0.028596,-1.6612,8.0539,1.227,-42.737,0.52026,18.124,-0.45672,-5.8365,0.11255,-0.050938,-0.036936,-0.97282,-0.039168,0.07233,-0.030753,-1.5708,6.912,-0.69936,-44.916,0.67132,19.708,0.13175,-5.156
19,0.12492,-0.035035,-0.034498,-0.98832,-0.024204,0.072301,-0.034102,-1.8304,6.3626,0.93688,-42.646,-0.45078,19.616,-0.11455,-5.1797,0.13439,-0.048256,-0.018712,-0.99482,-0.019581,0.080516,-0.031334,-1.8958,6.596,-0.21826,-43.298,-1.209,19.21,0.58569,-4.1189
19.1,0.12713,-0.036386,-0.038855,-0.9886,-0.029858,0.081215,-0.032642,-1.4417,7.0193,0.2931,-44.474,-1.2824,17.701,1.6604,-5.8926,0.12678,-0.042031,-0.018475,-1.0063,-0.022393,0.080675,-0.036143,-2.3115,5.8762,1.0105,-40.817,-0.43549,19.569,0.076212,-4.5282
19.2,0.12504,-0.035852,-0.033476,-0.99488,-0.020813,0.08305,-0.033545,0.14419,6.1692,1.0209,-41.66,0.21504,18.952,0.26521,-3.792,0.12977,-0.054047,-0.012219,-0.98449,-0.016307,0.080781,-0.033299,-1.1099,4.8677,1.1764,-40.7,0.91814,17.786,-0.14467,-3.2581
19.3,0.14883,-0.049068,-0.022298,-0.98563,-0.021433,0.078803,-0.027466,-0.20399,6.0463,2.6379,-42.339,0.41064,16.187,0.22771,-4.4235,0.13101,-0.051096,-0.024211,-0.99468,-0.017876,0.085792,-0.031451,-0.053326,4.7651,0.078626,-41.806,2.1221,16.984,0.97264,-2.7827
19.4,0.1458,-0.044634,-0.033764,-0.98011,-0.019311,0.08066,-0.029295,-0.99858,5.8276,0.9642,-41.452,-0.63639,17.421,-0.68964,-3.4604,0.1156,-0.064822,-0.012972,-0.986,-0.023272,0.070831,-0.026336,0.35981,4.847,-0.17157,-40.708,0.84199,16.258,0.86322,-4.2003
19.5,0.13103,-0.029434,-0.028268,-1.0066,-0.019819,0.076809,-0.028715,-1.0545,2.7797,2.446,-42.791,-0.051574,16.531,1.8339,-4.1544,0.14152,-0.065456,-0.0042294,-1.0004,-0.025459,0.066755,-0.030261,-1.2839,4.4322,2.6251,-41.058,0.062553,18.542,1.5128,-3.5175
19.6,0.14838,-0.038625,-0.03733,-0.98591,-0.012132,0.07854,-0.030511,-1.9378,5.0187,-0.42313,-41.604,-1.3166,17.179,-0.17423,-3.8785,0.11641,-0.062672,-0.026326,-0.97376,-0.019485,0.070888,-0.030728,-2.9104,3.6621,0.70048,-41.831,-1.0668,19.107,1.1923,-3.7107
19.7,0.12233,-0.062663,-0.0053034,-0.97994,-0.012059,0.075864,-0.036543,-0.80782,3.5829,2.2573,-40.232,1.0087,17.271,0.30691,-4.5744,0.12464,-0.054009,-0.03396,-0.97221,-0.016759,0.072403,-0.027255,1.0233,4.6714,0.48846,-39.314,-1.0206,18.818,0.31526,-3.3624
19.8,0.15388,-0.075355,-0.015325,-0.98369,-0.013495,0.08274,-0.020708,-0.036137,4.8947,1.3273,-40.254,-1.4288,16.814,1.18,-3.5039,0.14781,-0.069105,-0.015234,-0.9979,-0.012415,0.068452,-0.024318,-2.0924,5.7392,-0.02931,-40.853,1.0677,17.665,-0.19791,-1.8784
19.9,0.14955,-0.076136,-0.026111,-0.99558,-0.014234,0.078818,-0.03216,-1.5171,4.2005,0.30772,-40.82,-1.4094,16.379,1.8859,-3.5886,0.14758,-0.06918,0.0016766,-0.97702,-0.016555,0.076111,-0.034733,-2.5052,5.3309,1.7141,-39.273,-0.47745,16.903,-2.554,-4.3001
20,0.13909,-0.0781,-0.012738,-0.9893,-0.010862,0.076303,-0.032864,-1.3454,3.517,1.8219,-39.151,0.14518,17.22,0.37704,-4.3335,0.14198,-0.075037,-0.0017159,-0.97332,-0.011835,0.064135,-0.031841,-0.99437,2.189,0.044051,-40.627,-3.5966,15.823,-0.83283,-2.7213
20.1,0.12258,-0.070586,0.0019181,-0.98092,-0.0098806,0.07098,-0.021477,0.56773,5.3407,2.1945,-42,-0.14039,18.598,-0.63015,-5.1243,0.11658,-0.072863,-0.0033887,-0.96113,-0.0080039,0.061677,-0.033801,0.93554,2.4992,1.7984,-37.551,-0.71427,16.589,-0.86364,-4.0509
20.2,0.15079,-0.069722,-0.012111,-0.99695,-0.0093652,0.060349,-0.031196,-0.75003,1.8262,-0.010848,-38.826,-1.8103,15.429,-2.1244,-4.4044,0.12827,-0.061844,-0.0022756,-0.99414,-0.0098451,0.064028,-0.025881,-0.51276,1.4846,0.57477,-37.184,-1.9516,15.132,-0.83791,-4.5075
20.3,0.13868,-0.08328,0.0095583,-0.98651,-0.0027148,0.065317,-0.03171,-0.52016,2.4019,0.94242,-39.382,-1.5376,17.604,-1.5657,-4.5477,0.15073,-0.079549,-0.021727,-0.97908,-0.011113,0.073724,-0.024653,-1.6535,1.3587,1.7828,-36.819,0.21664,15.535,1.9072,-3.6594
20.4,0.15646,-0.08108,-0.037658,-0.99518,-0.0065918,0.073488,-0.021776,-0.62765,2.4475,0.036101,-40.556,-0.39916,15.569,-0.38725,-4.2925,0.13555,-0.074355,-0.0010144,-0.9891,-0.014299,0.063921,-0.018853,-1.0797,-0.22675,1.2096,-37.857,-1.2414,16.747,-0.50481,-4.6813
20.5,0.13696,-0.086519,-0.00025952,-0.98752,-0.0025822,0.07156,-0.030305,-2.9627,0.67832,-0.39945,-38.762,-0.3763,15.047,-0.26538,-5.7886,0.1305,-0.10474,0.013722,-0.99478,-0.0027006,0.063977,-0.029006,-1.1373,0.31309,-0.078301,-37.554,-0.75153,16.01,-0.3547,-5.0969
20.6,0.15216,-0.094487,-0.014391,-0.99118,0.003586,0.067608,-0.026001,-0.54795,1.291,2.9237,-38.072,-1.4859,16.323,0.14824,-4.4455,0.13503,-0.084576,-0.005723,-0.99217,-0.0032731,0.055448,-0.03004,0.59886,0.82423,1.3309,-38.022,0.31964,13.255,-1.4407,-7.1384
20.7,0.13306,-0.10721,-0.0015378,-0.99636,-0.0031151,0.072513,-0.019292,-2.0545,0.46545,1.9188,-38.692,0.32148,16.1,-1.3614,-5.9906,0.1327,-0.092819,-0.01159,-0.98006,-0.00062084,0.059884,-0.026622,-0.57349,-1.733,1.3503,-36.944,-0.49511,13.911,0.10486,-5.5661
20.8,0.152,-0.097959,0.01216,-0.97981,-0.0021621,0.062292,-0.027704,-0.93938,-0.16148,0.73756,-37.871,0.10949,15.067,0.19414,-5.1583,0.12709,-0.10054,-0.015748,-0.98885,-0.0038323,0.05843,-0.017629,-0.48324,-0.47563,0.62221,-35.323,-1.0536,14.34,0.49948,-7.1037
20.9,0.13322,-0.095621,0.018954,-0.98755,-0.0063808,0.060412,-0.025216,-1.2322,-2.6744,0.61128,-35.009,-1.1627,14.969,-0.75185,-4.5803,0.11491,-0.1181,0.0023723,-0.99663,-0.0033459,0.069055,-0.019478,-0.080814,-2.1539,0.051613,-35.64,-1.2718,12.846,-1.4241,-7.7549
21,0.14298,-0.083081,0.013866,-0.99059,-0.0044016,0.05333,-0.017745,-0.7546,0.074182,1.0199,-36.801,-0.87481,13.425,0.17283,-5.4425,0.12583,-0.086211,-0.011664,-0.9868,0.0040225,0.066331,-0.015544,-2.0359,-1.0407,0.19843,-35.366,-0.24289,14.386,-0.33746,-5.8316
21.1,0.14338,-0.10927,-0.0053266,-1.006,0.0019609,0.0639,-0.024426,-0.787,-0.14879,0.093062,-36.434,-1.2605,12.57,-1.9048,-6.2215,0.12956,-0.11491,0.0098151,-0.98489,0.0057615,0.060321,-0.023256,-0.87584,-0.7834,2.0886,-34.313,-0.56765,15.516,-2.3884,-6.9944
21.2,0.15125,-0.098181,0.010166,-0.98271,-0.0050375,0.058134,-0.016119,-1.0153,-0.57453,0.0049531,-38.237,-1.9794,14.874,0.24992,-6.8106,0.14029,-0.11819,0.018207,-0.97469,0.002612,0.054602,-0.01969,0.71195,-1.4453,0.15798,-35.601,0.23188,13.536,-0.35148,-7.626
21.3,0.11992,-0.093163,0.012496,-0.9757,-0.0024938,0.059182,-0.011432,-0.78047,-2.2254,1.5818,-36.604,-0.51008,11.83,-0.83911,-5.3023,0.16576,-0.12792,0.010903,-0.97682,-0.0058891,0.060667,-0.015455,-0.81055,-2.3337,0.38041,-34.536,-1.8791,11.79,-1.0131,-6.1825
21.4,0.14837,-0.12464,0.015042,-0.98795,0.0034104,0.059486,-0.016321,-2.1484,-2.1611,-0.047867,-35.529,-0.83492,13.456,-1.7473,-6.2738,0.13391,-0.10437,0.017429,-0.9945,0.0039157,0.044272,-0.020509,-0.27005,-3.663,0.086596,-33.543,-1.3155,11.97,0.81341,-7.628
21.5,0.13679,-0.11244,0.0092537,-0.97717,0.0078079,0.049137,-0.021128,-1.3412,-3.3581,1.8075,-34.593,-1.2502,11.487,0.28822,-6.3814,0.14816,-0.12887,0.0074023,-0.99858,-0.0011141,0.047322,-0.010253,-0.63792,-4.0532,1.5011,-35.475,0.73015,11.767,-0.66844,-8.7427
21.6,0.14034,-0.10988,0.014047,-0.97161,0.0061614,0.058229,-0.016293,-2.726,-3.5024,1.2065,-34.152,-3.4371,13.469,-1.5623,-5.4695,0.12696,-0.1333,-0.0011854,-0.97851,0.0050015,0.04788,-0.011954,-2.1416,-4.7704,-0.86034,-35.259,-1.6943,12.202,-0.35633,-7.9993
21.7,0.14293,-0.10695,0.032091,-0.97852,0.0076376,0.052052,-0.010512,-1.8292,-1.8729,0.78446,-34.963,-0.72722,12.08,-1.262,-6.7152,0.14368,-0.11907,0.017389,-0.98201,0.0043826,0.048534,-0.0073569,0.79562,-3.9641,1.2679,-34.134,0.61348,11.238,-0.20438,-6.9776
21.8,0.15275,-0.12342,0.011124,-0.97761,0.0051628,0.047929,-0.0035002,-0.9252,-6.3323,0.23111,-33.765,-0.3836,11.221,-2.1142,-8.1792,0.14127,-0.12409,0.0094572,-0.97551,0.020298,0.03743,-0.0075279,-0.038641,-4.0208,0.4534,-32.005,-0.33841,9.716,-2.8451,-8.9062
21.9,0.15363,-0.11851,0.0092755,-0.98696,0.0069885,0.048622,-0.0032447,-1.0976,-2.7213,0.45818,-33.674,-1.2001,10.821,0.21267,-6.8012,0.12422,-0.11783,0.010048,-0.9785,0.0071356,0.039011,-0.018471,0.74513,-6.4158,-0.39319,-35.057,-1.4505,11.13,-0.6169,-8.1437
22,0.14235,-0.10699,0.024906,-0.99178,0.0026443,0.046051,-0.004917,-0.58375,-4.3352,1.9196,-32.73,-0.47655,11.076,-2.3706,-6.1685,0.12767,-0.12933,0.032653,-0.96475,0.0051647,0.040723,-0.010534,-2.7174,-6.6293,1.0308,-33.132,-0.70935,11.816,-1.4257,-9.7703
22.1,0.1534,-0.1209,0.023969,-0.97078,0.006063,0.041283,0.00028994,-2.1949,-5.5879,0.5305,-32.948,-1.4776,10.363,-1.3362,-9.9564,0.12638,-0.1295,0.024036,-0.99211,0.0049271,0.034716,-0.0034052,-1.8203,-6.1019,0.37665,-32.378,-0.87214,12.119,-0.1568,-10.533
22.2,0.12065,-0.14333,0.033843,-1.0053,0.0093952,0.041978,-0.0060045,-0.27821,-6.8225,2.5195,-31.022,-1.5956,12.311,-1.6493,-8.5263,0.14502,-0.12327,0.0099672,-0.98506,0.014848,0.041833,-0.00011041,-2.1563,-6.9365,1.1463,-30.902,-1.3656,9.0237,-1.2415,-9.5145
22.3,0.15027,-0.1239,0.00032472,-0.983,0.018246,0.047598,0.0044447,-0.67296,-6.8061,0.64832,-32.44,0.56538,10.615,-2.4651,-8.4543,0.13658,-0.14023,0.022012,-0.98513,0.0024571,0.041301,0.0017512,-0.44625,-7.2521,1.6395,-33.751,-1.5278,10.791,0.020054,-10.636
22.4,0.14422,-0.12028,0.0012185,-0.99748,0.0071882,0.04148,0.0021514,0.69404,-5.2921,-0.32973,-30.634,-1.8254,9.4271,-0.37276,-9.8395,0.13314,-0.1137,0.0092109,-0.96635,0.01616,0.025196,0.0056624,-0.038081,-8.0136,2.3468,-31.384,0.63578,10.372,-1.9699,-10.718
22.5,0.15408,-0.12653,0.018983,-0.97895,0.01221,0.035739,-0.0070055,-2.3487,-5.907,-1.1213,-32.513,-1.3446,10.974,-0.58738,-8.007,0.131,-0.15811,0.030746,-0.98469,0.01181,0.028488,-0.0062178,-0.47024,-8.4079,2.1089,-30.992,0.34789,9.5354,-1.1542,-11.179
22.6,0.13124,-0.12342,0.019692,-0.98195,0.01509,0.035832,-0.0010187,-1.1307,-7.6264,0.077462,-32.172,-0.58302,9.239,0.67102,-10.836,0.13577,-0.15271,0.028265,-1.0011,0.0098955,0.028892,0.0041592,-0.56388,-7.2912,0.56401,-30.731,0.42396,9.6386,-1.2201,-10.776
22.7,0.14363,-0.13716,0.023372,-1.0029,0.015074,0.03186,-0.0072252,-0.32487,-7.3656,0.69894,-31.702,-0.25573,9.3367,0.28105,-10.711,0.13055,-0.14214,0.011878,-0.97861,0.025987,0.031954,-0.0020225,-2.6669,-8.0753,-0.4202,-29.953,1.1159,8.8652,0.10435,-10.487
22.8,0.13458,-0.14427,0.0035759,-0.99496,0.0088828,0.041521,-0.0019229,-3.1508,-8.8909,0.4126,-31.638,-0.96698,7.3272,0.47056,-9.8486,0.14153,-0.1412,0.022931,-0.9616,0.01199,0.034692,-0.0040473,-0.89096,-8.3136,1.7125,-29.255,-0.48193,9.8398,-1.6643,-10.995
22.9,0.13404,-0.1292,0.025957,-0.96887,0.011408,0.037576,0.0094378,-0.28845,-8.2321,0.87304,-30.959,-0.51867,9.2884,-1.6407,-11.876,0.12979,-0.14554,0.014137,-0.97868,0.019713,0.02512,0.0010985,0.3608,-9.2458,1.0762,-29.818,-1.5141,7.9169,0.25775,-13.586
23,0.14781,-0.14495,0.024521,-0.96543,0.0076268,0.025325,0.011143,-1.481,-7.4213,1.9135,-31.953,-0.62675,7.1879,-1.7279,-11.738,0.13055,-0.13326,0.019296,-0.97401,0.017241,0.027307,0.011444,-1.4618,-8.2426,0.31356,-29.592,0.027471,9.0527,-0.85353,-12.156
23.1,0.13298,-0.14371,0.0099557,-0.97926,0.0059801,0.03196,-0.0090402,-0.015212,-5.7991,0.88898,-29.916,-0.88737,7.8957,-1.5149,-12.522,0.13423,-0.1581,0.0076078,-0.96507,0.019584,0.026773,0.0090475,-0.83217,-10.379,0.3694,-30.916,0.56796,7.7332,-0.89178,-12.952
23.2,0.11908,-0.14691,0.042488,-0.98003,0.01997,0.039966,0.0095971,-0.25319,-7.7038,0.7904,-29.653,-0.65624,7.5315,-2.3086,-11.611,0.13107,-0.13241,0.020487,-0.98784,0.022661,0.026326,0.0093557,0.83308,-10.983,-1.1005,-29.221,-2.5915,8.1122,-0.70536,-12.786
23.3,0.13517,-0.14629,0.02726,-0.98879,0.017397,0.022534,0.010356,-2.7327,-8.4281,1.1098,-28.606,-1.921,6.9751,-0.20413,-11.365,0.13737,-0.14251,0.017322,-0.99266,0.02177,0.026113,0.0072342,-1.1882,-10.491,0.22351,-28.642,0.79774,7.4491,1.8327,-11.721
23.4,0.12992,-0.1471,0.033203,-0.97515,0.0074023,0.025965,0.010674,-0.27476,-9.7214,1.9219,-29.758,-0.28492,7.6459,-1.4322,-13.044,0.1311,-0.15165,0.0092243,-0.9912,0.018778,0.018939,0.0096215,-0.31569,-10.231,0.95602,-28.824,-0.4337,9.639,-0.27119,-14.337
23.5,0.14007,-0.15982,0.013779,-0.97853,0.016385,0.038121,0.0097397,-1.3578,-10.51,-0.45866,-29.929,-0.64982,8.0628,-0.49673,-12.259,0.13138,-0.13629,0.017078,-0.97737,0.0204,0.020743,0.011219,-1.5576,-11.056,0.28959,-27.476,-0.55785,7.6499,-1.0387,-14.714
23.6,0.12879,-0.16383,0.021968,-0.9977,0.016564,0.023733,0.010764,-1.6066,-11.129,1.1826,-29.045,1.4182,7.4908,0.29709,-12.302,0.14196,-0.15894,0.01546,-0.98481,0.032727,0.02317,0.0080882,-1.3994,-11.062,1.32,-28.945,-1.554,8.804,-0.97143,-12.241
23.7,0.12492,-0.15772,0.0066352,-0.97667,0.029932,0.01228,0.013223,-1.3054,-11.514,1.0539,-28.883,-1.168,8.2746,-0.57119,-13.34,0.12141,-0.14638,0.014193,-0.9616,0.019354,0.017894,0.014099,-0.90236,-14.304,0.23599,-27.12,-0.70596,8.8722,-0.1917,-13.709
23.8,0.12238,-0.15282,0.01178,-0.97126,0.024816,0.021479,0.014584,-1.6869,-10.993,-0.95499,-27.367,0.57313,7.3587,-2.4401,-14.71,0.14396,-0.1587,0.0028795,-0.98313,0.019707,0.012768,0.01049,-0.61468,-12.466,-0.52821,-25.163,-1.064,6.6198,-2.389,-15.02
23.9,0.1295,-0.15334,0.010059,-0.98652,0.020088,0.0014552,0.014843,-0.056334,-11.662,0.79712,-28.819,-1.3667,7.1922,-2.5189,-13.84,0.12386,-0.14553,0.0072294,-0.96636,0.027961,0.013916,0.020315,-1.5676,-14.774,0.83999,-26.889,-0.76734,7.3093,-0.26032,-15.9
24,0.14203,-0.13932,0.02928,-0.98048,0.016159,0.010319,0.012677,-1.3278,-13.449,-0.36642,-26.982,-0.14819,6.4876,-0.25237,-14.911,0.12658,-0.15451,-0.011081,-1.0008,0.027185,0.0088925,0.012263,-0.28011,-12.489,0.8018,-25.942,0.37287,6.8718,-1.5356,-15.066
24.1,0.12392,-0.14875,0.029681,-0.99951,0.031084,0.018017,0.014156,-1.7525,-12.448,0.14894,-25.614,-1.7901,8.2906,-2.519,-14.706,0.11203,-0.16809,0.0066693,-0.98473,0.023151,0.0025852,0.014107,-2.4399,-13.98,1.6906,-25.967,0.58996,5.1313,0.024702,-16.417
24.2,0.12012,-0.16922,0.020885,-0.99057,0.024813,0.012165,0.029679,-1.5658,-13.653,0.27209,-27.491,-0.89483,6.4769,-2.3014,-16.349,0.10679,-0.15664,0.0189,-0.97272,0.025161,0.012141,0.017305,-0.97504,-13.417,0.3696,-23.75,-0.61384,5.8069,-0.83043,-18.71
24.3,0.12096,-0.14446,0.039321,-0.97638,0.027232,0.0055872,0.022949,-0.97475,-13.432,1.0766,-26.062,0.85832,6.273,-1.1718,-15.404,0.13431,-0.16372,0.029168,-0.98823,0.019098,0.012791,0.014084,-0.32107,-17.044,2.3083,-24.283,1.9496,6.4733,0.094382,-17.331
24.4,0.13206,-0.14767,0.0076267,-0.96147,0.021362,0.0044525,0.025977,-1.1296,-12.066,1.1996,-26.821,0.42365,4.4814,-1.5728,-15.571,0.11226,-0.14381,0.015857,-0.98035,0.024103,0.0030164,0.013272,-2.0579,-15.006,0.24624,-24.761,-0.14212,6.6692,0.67392,-18.56
24.5,0.1305,-0.16026,0.01426,-0.99672,0.029132,0.010185,0.022654,-2.0511,-13.446,1.1363,-25.217,-1.2349,4.9227,1.6558,-16.608,0.12149,-0.15784,0.015653,-1.0011,0.019726,-0.004553,0.02624,-1.372,-14.514,0.87242,-25.089,1.7221,7.8073,-2.179,-18.266
24.6,0.12056,-0.1535,0.018408,-0.98658,0.022382,-0.00057649,0.018638,-2.0883,-15.51,0.74645,-23.428,-0.28133,3.3823,-1.2854,-16.796,0.10121,-0.14959,0.0036225,-0.97518,0.031615,-0.0025662,0.014237,-0.034157,-16.889,1.1605,-25.436,1.1871,6.8372,-0.81097,-19.821
24.7,0.1252,-0.15046,-0.00013558,-0.96108,0.025892,-0.0010098,0.021198,-2.0867,-15.452,-0.85755,-26.453,-1.7627,5.8889,-0.62452,-17.306,0.10934,-0.17241,-0.0080134,-0.98026,0.034625,0.0012463,0.024834,-1.3866,-17.403,1.3425,-23.736,0.038573,6.7149,-1.7634,-18.863
24.8,0.10801,-0.17204,0.015538,-0.97757,0.025958,-7.6685e-05,0.026571,-0.037916,-16.164,-0.43218,-25.97,-0.88655,5.7108,0.29159,-18.335,0.11454,-0.13866,0.011654,-0.95083,0.031061,0.00046055,0.029165,-1.6805,-16.595,0.45022,-22.251,2.0826,7.4265,-0.34473,-19.939
24.9,0.10761,-0.16269,0.0075493,-0.97454,0.028677,-0.0037618,0.022898,-0.67562,-16.922,1.2697,-24.892,1.1169,5.819,-0.043472,-15.261,0.10237,-0.16145,0.01322,-0.97294,0.035455,-0.0015247,0.021238,-0.63776,-16.019,1.6931,-22.542,-1.5672,5.609,-1.162,-17.367
25,0.11301,-0.15265,0.016364,-0.9835,0.027701,0.00036749,0.019455,-1.1046,-14.788,1.5351,-23.766,-0.3718,5.0143,-0.53347,-17.542,0.099455,-0.15233,0.0041028,-0.98907,0.037309,-0.0023121,0.020157,-0.93348,-18.975,2.1136,-24.289,0.5029,6.1348,-0.85346,-20.136
25.1,0.10282,-0.13977,0.0069549,-0.96385,0.029283,-0.00067852,0.028218,-1.6039,-17.141,1.8438,-24.651,0.37944,4.6334,-0.24921,-18.7,0.10842,-0.14509,0.0040761,-0.98576,0.027221,-0.0018255,0.026964,-1.3044,-18.871,2.7962,-24.079,0.1952,5.142,-0.66113,-20.431
25.2,0.1012,-0.14761,0.0095726,-0.99005,0.028464,-0.0033048,0.020862,-3.0199,-15.315,1.6599,-22.269,0.42538,5.1188,-1.5663,-17.808,0.096169,-0.15748,0.0055325,-0.96693,0.03028,-0.0090729,0.016442,-0.73055,-17.429,-0.51041,-22.281,0.39029,6.1478,-1.1957,-19.467
25.3,0.094805,-0.1439,-0.00019975,-0.97399,0.021107,-0.0086006,0.024749,0.083256,-16.979,0.50534,-22.39,-0.3835,4.8057,-1.5012,-17.686,0.10685,-0.15791,0.02036,-0.98182,0.034682,-0.017026,0.028391,0.082282,-18.273,1.816,-21.815,1.4394,8.1756,-2.1088,-20.789
25.4,0.10788,-0.14706,-0.0020779,-0.96474,0.035954,-0.01122,0.021654,-0.21003,-17.051,0.36896,-22.888,1.9159,6.2817,0.39946,-17.626,0.090423,-0.16248,0.0175,-0.98402,0.043192,-0.016362,0.02483,-1.1057,-21.618,0.88911,-21.775,-1.0311,7.8282,-2.0964,-20.803
25.5,0.094314,-0.1557,0.0090967,-0.96258,0.03202,-0.0051432,0.030843,-0.067915,-17.699,0.98409,-23.106,-2.5324,3.6025,0.63904,-18.982,0.095762,-0.16515,-0.0085894,-0.9867,0.033877,-0.013853,0.023838,-0.066789,-20.123,1.0845,-20.724,0.92839,8.176,0.2684,-18.955
25.6,0.0847,-0.16635,0.016691,-0.9872,0.031242,-0.006985,0.021055,-1.4888,-19.747,-0.022555,-21.485,-0.36423,6.4514,-0.98672,-19.001,0.097406,-0.14944,-0.0041203,-0.98051,0.037865,-0.013112,0.030867,-0.85525,-21.076,1.3887,-21.288,1.1559,8.3263,-2.5385,-21.668
25.7,0.10302,-0.16095,0.017217,-0.99503,0.03562,-0.01455,0.021735,-1.6367,-18.976,-0.83161,-22.811,0.86632,5.3359,-1.8611,-20.478,0.094402,-0.14101,0.00098086,-0.99775,0.034532,-0.0055854,0.028707,-1.9267,-19.438,1.1932,-19.655,1.5823,8.2291,-1.0409,-23.863
25.8,0.090658,-0.14429,0.0098303,-0.97242,0.039192,-0.011387,0.028926,-1.0641,-18.239,2.4857,-21.753,-1.9656,7.4621,-0.4653,-18.371,0.088092,-0.14156,-0.0032023,-0.98274,0.043445,-0.017091,0.029105,-0.93268,-19.13,1.3974,-19.641,0.53361,7.6357,-2.4261,-22.738
25.9,0.086167,-0.15143,-0.0043603,-0.99032,0.039954,-0.014732,0.027867,-2.2545,-19.452,0.058111,-20.776,0.55258,6.4902,0.49231,-18.594,0.088785,-0.1578,-0.00032093,-0.98449,0.032758,-0.022045,0.021532,-2.397,-20.826,0.39685,-19.99,-0.52198,10.547,-1.121,-23.504
26,0.085011,-0.15907,0.00068063,-0.99131,0.036863,-0.019247,0.030301,-2.9307,-20.65,2.0409,-21.381,0.90385,5.1481,-1.7567,-20.401,0.069064,-0.14424,0.0012821,-1.0026,0.036415,-0.021645,0.027915,-1.9983,-21.059,0.5731,-19.378,0.67021,8.6718,-0.54519,-23.146
26.1,0.082231,-0.15072,0.0047603,-1.0107,0.031282,-0.013314,0.028756,-0.93702,-20.559,0.92986,-20.949,2.0943,7.4128,0.35959,-20.892,0.097713,-0.15825,0.006414,-0.99772,0.041005,-0.016949,0.035819,-1.3652,-21.758,3.2115,-21.853,0.63549,9.0503,-0.38818,-23.385
26.2,0.086737,-0.16304,0.015735,-0.97127,0.026565,-0.0072375,0.030979,-2.4449,-19.441,0.59051,-18.773,0.33691,8.2729,-1.289,-22.684,0.089312,-0.12644,-0.0065598,-0.98456,0.038414,-0.026201,0.021417,-1.9411,-22.375,1.1929,-18.583,0.21954,14.207,-1.9021,-23.626
26.3,0.10652,-0.14783,0.0021218,-0.98303,0.038921,-0.011467,0.029414,-2.5387,-19.059,0.89531,-19.496,0.3775,7.4399,-2.5124,-20.379,0.081446,-0.14497,-0.0006428,-0.9892,0.04529,-0.021871,0.019791,0.80861,-22.559,1.495,-19.603,-0.42737,9.1497,-3.2814,-24.598
26.4,0.11062,-0.16018,-0.014452,-0.99494,0.051237,-0.016638,0.018783,-1.4667,-21.287,0.576,-19.49,0.10352,6.9076,0.8216,-23.494,0.068301,-0.13797,0.0015029,-0.97121,0.047975,-0.019681,0.030934,-2.2624,-24.943,1.1403,-20.143,-0.39154,8.4324,0.69956,-25.531
26.5,0.083901,-0.15236,-0.016651,-0.9948,0.038268,-0.020014,0.03043,0.11534,-22.022,1.7039,-17.701,1.8652,7.2674,-0.40501,-24.081,0.074576,-0.15375,-0.01582,-0.95861,0.03948,-0.028917,0.031108,-1.0217,-23.259,-0.42079,-19.151,1.8945,9.7342,-0.52755,-25.4
26.6,0.093777,-0.14568,-0.013033,-0.98489,0.04094,-0.029639,0.030191,-0.45891,-22.414,1.6795,-20.718,2.4142,7.437,-1.2265,-22.97,0.077667,-0.17348,-0.012296,-0.97482,0.042574,-0.033474,0.02803,0.90793,-24.049,0.6892,-18.396,-0.30409,10.496,0.68129,-26.026
26.7,0.073019,-0.14667,-0.014718,-0.97956,0.050628,-0.026107,0.022969,-2.1333,-24.08,2.1981,-20.14,-0.24844,11.6,-1.2288,-24.122,0.058117,-0.1272,-0.0038914,-0.99266,0.041985,-0.041852,0.023152,-0.071758,-23.37,0.50723,-17.747,1.0163,11.307,-0.5738,-24.909
26.8,0.068703,-0.16589,-0.0079019,-0.97948,0.046602,-0.032178,0.022729,-1.8732,-23.197,1.1481,-18.184,0.42027,8.9981,-2.0042,-23.171,0.06173,-0.12769,-0.020183,-0.98139,0.04796,-0.032204,0.018353,-1.2564,-23.486,-1.2625,-15.125,0.89414,10.841,-1.2118,-24.751
26.9,0.068361,-0.14932,-0.002648,-0.99132,0.043309,-0.03274,0.01372,-1.3601,-24.196,1.9341,-17.838,1.6008,10.52,-1.5153,-22.655,0.05913,-0.14656,0.00080706,-0.99307,0.048555,-0.035907,0.023507,-1.0047,-25.837,0.72414,-17.588,1.5377,10.804,-1.3715,-26.829
27,0.088649,-0.13794,-0.00088294,-0.97765,0.047511,-0.030698,0.0217,-1.5284,-23.828,-1.0014,-17.979,1.4652,8.7891,-0.69538,-25.245,0.049139,-0.14569,-0.023243,-0.98598,0.047084,-0.038747,0.019911,0.22527,-24.337,0.58639,-15.809,1.107,10.098,-0.64658,-26.27
27.1,0.084099,-0.13779,-0.014128,-0.9953,0.042778,-0.035775,0.02393,-0.97102,-24.915,0.77773,-17.833,2.6707,8.5982,-1.9595,-23.844,0.059654,-0.14341,-0.01299,-0.99589,0.04414,-0.042897,0.032824,-1.029,-25.026,0.7461,-15.675,-0.50907,12.257,-2.3305,-24.208
27.2,0.051891,-0.15765,-0.0099996,-0.96814,0.048472,-0.034024,0.031564,-0.99454,-25.383,1.4318,-18.183,0.7214,8.1964,-1.1948,-25.626,0.049362,-0.11793,-0.013659,-0.9703,0.048036,-0.03844,0.019496,-1.0362,-25.471,0.47353,-16.203,-0.042399,11.27,-0.47624,-24.835
27.3,0.043744,-0.13775,-0.007471,-0.96958,0.054337,-0.025754,0.029929,-0.11134,-23.858,0.41799,-17.849,1.219,11.272,-1.9504,-26.235,0.053323,-0.13621,-0.009096,-0.98888,0.049616,-0.045126,0.02017,-1.6096,-25.441,-0.51906,-16.001,0.73923,10.985,-0.93325,-25.304
27.4,0.043229,-0.15338,-0.020546,-0.98406,0.053537,-0.03095,0.024684,-1.7686,-26.406,1.4117,-17.121,1.5087,11.16,1.3117,-24.899,0.071199,-0.11905,-0.011685,-0.97041,0.048631,-0.034774,0.02655,-0.15385,-28.647,-0.62184,-14.51,0.028857,10.569,-0.50935,-27.556
27.5,0.068514,-0.13162,-0.0090833,-0.9849,0.048889,-0.036289,0.032534,-0.58251,-25.819,1.0544,-16.667,-0.66061,10.493,-1.0735,-24.797,0.041986,-0.10444,-0.022895,-0.97949,0.057139,-0.048105,0.021071,-2.0673,-25.885,1.1657,-13.119,1.9346,11.949,-1.2221,-28.183
27.6,0.065085,-0.1334,-0.016169,-0.99462,0.048544,-0.044808,0.024526,-2.0296,-26.344,2.8553,-16.011,1.9251,12.85,0.50724,-24.998,0.039285,-0.1435,-0.013459,-0.99627,0.052435,-0.040799,0.024754,0.6538,-25.585,1.2657,-13.002,-1.326,13.22,0.13077,-29.028
27.7,0.052696,-0.13367,-0.020006,-0.98528,0.046749,-0.050794,0.019387,0.86549,-24.764,0.28321,-13.808,0.42448,10.333,-0.56383,-25.72,0.037761,-0.10674,-0.028304,-0.99699,0.049748,-0.050873,0.023945,-0.45303,-24.768,1.1279,-13.512,2.2273,13.211,-0.032895,-29.102
27.8,0.068104,-0.14202,-0.024355,-0.99549,0.047558,-0.05014,0.017525,-1.0056,-25.831,0.07848,-15.786,1.354,12.059,-1.4537,-25.617,0.036397,-0.11367,-0.022695,-0.99794,0.04829,-0.040814,0.033793,-0.79464,-24.094,-0.4252,-13.242,1.0076,12.896,0.30564,-29.125
27.9,0.064946,-0.13324,-0.035512,-0.96333,0.044725,-0.037371,0.020522,-0.78195,-25.183,0.19144,-15.608,0.96306,9.4706,-1.858,-27.237,0.039855,-0.1128,-0.028896,-0.98789,0.041511,-0.046685,0.027218,-1.2426,-27.023,0.97927,-13.357,1.972,13.416,-2.2612,-28.842
28,0.04847,-0.13371,-0.012895,-0.98324,0.047333,-0.03737,0.026727,-0.39949,-25.918,0.99613,-13.779,-0.44473,11.155,-0.033408,-26.697,0.029908,-0.13232,-0.023896,-0.98274,0.048176,-0.043003,0.029231,1.4068,-26.797,1.139,-14.419,0.43919,13.099,-0.56226,-29.644
28.1,0.050919,-0.13854,-0.030094,-0.9958,0.052064,-0.039926,0.028555,-0.24311,-25.636,3.9698,-16.034,-0.98224,9.3142,-0.66919,-29.151,0.033428,-0.11572,-0.029765,-0.99477,0.038259,-0.054894,0.020016,-0.31403,-28.415,1.8388,-13.817,1.9735,14.847,0.30269,-28.852
28.2,0.042666,-0.10528,-0.026825,-0.98743,0.041786,-0.05197,0.026289,0.83002,-26,0.83768,-12.918,0.69757,13.494,-0.42515,-26.94,0.029905,-0.11058,-0.011181,-1.0012,0.050188,-0.054605,0.014355,0.74972,-25.205,1.4513,-11.951,-0.31304,13.957,-0.27204,-29.619
28.3,0.052302,-0.13045,-0.034816,-1.0145,0.041983,-0.042758,0.033405,-1.2872,-27.235,-0.13836,-14.309,-0.023476,12.169,-0.38197,-27.86,0.0099708,-0.12107,-0.029149,-0.99195,0.043241,-0.055687,0.021292,1.229,-25.373,2.2505,-14.292,1.0143,14.691,-0.74323,-27.749
28.4,0.028115,-0.10682,-0.022631,-1.0167,0.053097,-0.052684,0.03149,1.7185,-24.969,1.0047,-12.793,1.3876,12.231,0.47592,-29.445,0.026918,-0.1221,-0.031869,-0.99171,0.040611,-0.058687,0.027203,0.44873,-26.186,0.76334,-12.579,0.77444,13.49,-2.2303,-30.097
28.5,0.027512,-0.10882,-0.032574,-0.97808,0.053166,-0.0517,0.031066,0.33194,-25.125,1.6117,-13.993,0.76855,13.561,-0.30712,-28.284,0.015199,-0.1057,-0.047847,-0.9895,0.049516,-0.056416,0.023974,1.009,-26.011,1.1309,-9.9533,0.86632,15.962,-1.0034,-28.949
28.6,0.051479,-0.1131,-0.041327,-0.98806,0.038609,-0.053034,0.029517,1.5672,-26.071,-1.1669,-12.419,-0.0074768,11.811,0.72865,-26.853,0.02397,-0.10157,-0.045478,-1.0011,0.03953,-0.05472,0.020231,0.89643,-26.385,-0.60369,-11.057,0.04875,15.311,0.39751,-27.658
28.7,0.0047364,-0.10269,-0.025931,-1.0032,0.045408,-0.046066,0.017104,-0.60378,-25.862,-0.033194,-14.458,0.99725,12.321,-1.3337,-29.375,0.029218,-0.083739,-0.050687,-0.99861,0.035032,-0.058858,0.030952,-0.47605,-25.606,3.1062,-10.462,1.0196,14.921,0.093133,-28.786
28.8,0.03758,-0.12405,-0.020886,-0.99626,0.041851,-0.048297,0.025256,0.94114,-24.839,1.8619,-12.986,0.71552,13.644,0.78455,-28.65,0.018536,-0.085692,-0.023019,-0.99974,0.033846,-0.058196,0.018693,1.3381,-25.224,0.72808,-10.295,0.85971,15.316,1.1809,-29.197
28.9,0.031637,-0.1234,-0.036502,-1.0012,0.040938,-0.058961,0.025108,-0.58529,-22.885,0.21412,-11.084,0.81442,15.425,-0.80667,-28.39,0.026952,-0.090019,-0.039731,-0.99462,0.033544,-0.053282,0.024583,1.5749,-23.345,-0.95066,-9.3146,2.0111,15.469,-0.84655,-28.752
29,0.022006,-0.11275,-0.023748,-0.99595,0.031818,-0.057576,0.013109,1.1988,-24.545,3.7004,-11.653,-0.51337,14.06,0.48497,-28.737,0.0077424,-0.087752,-0.045924,-0.9925,0.036273,-0.065603,0.027141,0.88141,-24.823,0.1957,-9.2413,2.0958,15.848,-0.051923,-30.193
29.1,0.024147,-0.095462,-0.035491,-0.99676,0.042894,-0.055842,0.014674,0.75627,-24.866,1.0378,-10.117,1.6407,14.585,2.2799,-29.387,0.029307,-0.10451,-0.02727,-1.007,0.040449,-0.062201,0.0085004,-0.6025,-21.204,2.0971,-9.3407,0.40102,16.346,1.1997,-28.375
29.2,0.027289,-0.096563,-0.034724,-1.0032,0.033829,-0.06141,0.023972,0.49123,-24.224,1.038,-9.8003,0.52296,16.199,-0.28358,-26.812,0.0069301,-0.10839,-0.020776,-0.98983,0.02924,-0.066473,0.019381,0.90831,-23.708,0.41301,-9.4083,1.462,15.872,-0.36586,-28.692
29.3,0.028158,-0.09114,-0.034872,-0.99612,0.0317,-0.060364,0.028665,1.755,-24.284,-0.041803,-11.627,0.3017,16.124,-0.9198,-29.708,0.0095494,-0.060319,-0.035879,-0.99403,0.037988,-0.062222,0.023674,0.29064,-22.682,2.9056,-9.1378,0.28408,17.638,0.30955,-26.285
29.4,-0.0022462,-0.095694,-0.017904,-0.98706,0.033695,-0.054833,0.012184,1.821,-24.539,1.1362,-9.5076,-0.76237,16.829,1.2298,-27.11,0.011447,-0.087299,-0.037172,-0.98671,0.035113,-0.060412,0.01173,0.33849,-22.796,1.4452,-7.1497,1.1643,17.381,0.071503,-26.945
29.5,0.018523,-0.088413,-0.0044813,-0.97518,0.040717,-0.054037,0.02201,0.66697,-22.807,1.1452,-8.9293,0.82478,17.006,0.93584,-28.701,-0.0025579,-0.076065,-0.042103,-0.98282,0.033172,-0.067365,0.013181,-0.044257,-22.965,0.73519,-7.15,0.34527,18.769,0.11191,-26.137
29.6,0.0097317,-0.088175,-0.03286,-0.98776,0.03403,-0.059501,0.020615,0.7115,-23.375,0.10065,-9.4237,1.8521,14.632,0.3884,-27.941,0.0074712,-0.070838,-0.037268,-0.98228,0.036524,-0.073185,0.012806,0.16175,-23.423,1.124,-7.1441,2.6106,17.014,3.6929,-27.289
29.7,0.0030011,-0.091838,-0.040066,-1.0155,0.034922,-0.063749,0.013925,1.237,-22.833,-0.64314,-9.6796,-0.22255,17.153,1.4098,-27.808,0.005792,-0.061457,-0.050268,-0.99571,0.026579,-0.065818,0.01434,0.71868,-20.79,0.41671,-7.6851,1.0469,18.099,0.84259,-23.981
29.8,-0.0036385,-0.083436,-0.041705,-0.9884,0.023819,-0.066892,0.015198,0.60692,-21.926,0.15512,-7.8645,2.9074,16.462,0.79176,-27.337,-0.010189,-0.065726,-0.041548,-1.0143,0.035293,-0.071234,0.015353,2.4337,-20.635,-0.30335,-7.4816,1.6146,17.963,0.4693,-25.217
29.9,-0.011839,-0.074605,-0.037284,-0.99206,0.029078,-0.055287,0.017242,0.10758,-22.787,2.3404,-9.5806,2.4599,15.566,0.25696,-26.795,-0.016848,-0.043956,-0.051449,-1.0042,0.036294,-0.065859,0.0064689,1.9865,-18.844,0.23996,-6.3909,0.79169,18.474,0.33914,-25.306
30,-0.0043312,-0.067359,-0.041879,-0.99708,0.041211,-0.064114,0.0084697,1.0743,-22.662,1.9966,-8.0362,2.288,14.65,1.5806,-28.551,0.01441,-0.037884,-0.040411,-0.99708,0.02967,-0.063607,0.0045007,0.25432,-17.572,-1.2929,-8.161,0.90254,16.504,0.66754,-25.05
30.1,0.020122,-0.056444,-0.027401,-0.98369,0.034016,-0.070282,0.014256,0.40881,-19.868,-0.28747,-5.9819,0.65282,16.532,0.95588,-25.707,-0.017837,-0.067264,-0.043993,-0.99853,0.037236,-0.063284,0.0052673,-1.5383,-19,-1.4247,-7.0258,-0.34858,18.358,0.2536,-26.637
30.2,-0.010802,-0.073889,-0.029522,-0.99987,0.041906,-0.061119,0.010442,-0.82334,-19.876,1.7174,-7.2083,-0.74664,15.884,-0.93488,-26.088,0.014211,-0.059833,-0.052739,-0.99881,0.029443,-0.068088,0.0049677,1.1821,-19.956,-0.44438,-8.4881,0.75723,18.943,-0.13978,-25.395
30.3,-0.013366,-0.08482,-0.040282,-0.99883,0.03213,-0.071636,0.024004,-0.59761,-18.708,0.29228,-5.6958,0.46875,16.355,1.0121,-25.365,0.0020185,-0.049298,-0.045791,-0.99611,0.033283,-0.058519,0.0040288,1.1696,-18.437,-1.6509,-10.389,1.5975,19.415,-0.65292,-24.941
30.4,-0.02235,-0.071187,-0.032786,-1.0041,0.036631,-0.063818,0.022169,0.8549,-20.879,-1.2064,-7.7769,0.062792,17.937,1.7028,-25.643,-0.012837,-0.039218,-0.033641,-0.99756,0.026586,-0.066246,0.011291,0.36481,-18.471,0.98538,-9.0234,0.86956,20.1,1.199,-24.917
30.5,-0.027017,-0.052957,-0.030347,-1.0066,0.040229,-0.058607,0.015814,0.011876,-20.48,1.9204,-7.8508,1.2766,16.902,-0.7435,-22.294,-0.011353,-0.037494,-0.043084,-0.98771,0.027483,-0.06533,0.0028985,1.9167,-19.572,-1.7874,-7.7167,-0.24725,19.608,-0.089179,-21.862
30.6,-0.008436,-0.062672,-0.04634,-0.98367,0.038183,-0.068699,0.011732,0.46298,-20.36,-1.7587,-5.9957,0.67306,16.99,-0.65319,-23.914,-0.0081105,-0.037822,-0.04099,-0.98171,0.029286,-0.049655,-0.0036134,0.8672,-19.404,-2.8256,-9.3127,0.79005,18.968,0.81711,-21.955
30.7,-0.011391,-0.061302,-0.039907,-0.9835,0.023774,-0.069417,0.0060551,-0.38396,-20.009,-0.57333,-9.3152,2.5555,18.132,-0.90791,-23.793,-0.027416,-0.036846,-0.042025,-0.99998,0.036316,-0.05071,-0.0043239,0.22885,-18.497,-2.4085,-9.7016,0.70856,19.303,1.6166,-23.704
30.8,-0.0038933,-0.04503,-0.051315,-0.99651,0.022972,-0.06015,0.0017523,1.7118,-16.674,-0.49801,-7.9805,1.6049,18.073,-0.34771,-25.173,-0.0095982,-0.030407,-0.026588,-0.99687,0.02532,-0.058914,-0.005707,1.2688,-17.267,-1.0834,-9.0519,1.0096,21.427,1.5426,-23.171
30.9,-0.0074471,-0.041361,-0.025809,-0.99913,0.036059,-0.059255,-0.0030632,1.0208,-19.654,-0.35185,-5.966,1.0352,20.316,3.2684,-23.727,-0.012531,-0.02918,-0.043754,-1.0032,0.022964,-0.054893,0.0024801,-0.71061,-19.087,-0.5246,-8.9552,-2.4906,20.052,0.82604,-22.061
31,-0.019492,-0.029078,-0.05213,-0.96445,0.030516,-0.062569,0.0014594,1.1318,-18.602,0.063536,-9.4608,0.70916,18.818,2.4181,-22.85,-0.014663,-0.033167,-0.044688,-1.0012,0.034883,-0.049541,-0.0022268,2.5856,-15.798,-0.024737,-10.982,-0.86868,19.962,3.1316,-23.838
31.1,-0.010169,-0.031267,-0.056526,-0.98976,0.029296,-0.0598,0.010015,0.59576,-19.343,0.37702,-9.7324,-0.87435,19.488,0.6948,-23.075,-0.025873,-0.028983,-0.010528,-0.99168,0.021278,-0.044613,-0.0040362,0.27033,-15.939,-0.69753,-12.043,0.66282,20.497,0.32552,-22.011
31.2,-0.022898,-0.039629,-0.046531,-0.99848,0.040742,-0.063548,-0.0036917,2.6099,-17.624,-0.78003,-8.0137,1.8777,20.37,-0.10276,-22.879,-0.050765,-0.037387,-0.028115,-0.99937,0.022876,-0.049169,-0.002086,0.3868,-17.459,0.55812,-10.903,0.78715,20.874,0.22864,-21.784
31.3,-0.02565,-0.039046,-0.021541,-0.99824,0.024599,-0.06028,0.0040576,0.98094,-15.604,-2.0338,-9.7743,0.33045,18.87,0.35096,-23.287,-0.0017236,-0.02385,-0.030965,-1.0017,0.023138,-0.049725,0.0013873,2.8498,-16.041,-0.17302,-12.602,2.4148,22.353,1.5085,-21.141
31.4,-0.011134,-0.054071,-0.034201,-0.99462,0.027275,-0.055678,-0.0049205,1.5201,-17.635,-1.1547,-10.743,0.098493,19.344,0.89337,-22.661,-0.023192,-0.050249,-0.031841,-1.0117,0.022459,-0.043153,-0.0021514,0.92304,-15.588,-2.0682,-13.576,1.9619,20.303,1.6776,-22.37
31.5,-0.01241,-0.0303,-0.037418,-1.0011,0.032,-0.054659,0.0049828,2.1356,-17.459,-0.57298,-10.157,-0.38723,20.508,0.8494,-21.771,-0.029834,-0.031129,-0.026928,-0.99411,0.020641,-0.043414,-0.0037741,2.2656,-14.029,-1.7245,-13.868,0.72186,22.278,0.15955,-20.778
31.6,-0.022971,-0.028269,-0.050211,-0.99524,0.026397,-0.049995,-0.0024163,2.0409,-16.123,-1.2648,-11.814,1.9784,22.107,0.48758,-21.197,-0.030665,-0.026829,-0.014202,-1.0083,0.022674,-0.042166,-0.011012,1.0584,-13.988,-1.602,-11.894,-0.25427,23.531,1.1424,-21.759
31.7,-0.019697,-0.0091485,-0.063831,-0.98033,0.030768,-0.047374,-0.0030203,0.78716,-16.497,-0.19353,-13.341,0.068366,21.183,-0.63832,-20.504,-0.049114,-0.022157,-0.036701,-1.0016,0.01972,-0.038917,-0.011444,1.4432,-15.446,-1.1144,-14.727,0.086447,23.815,0.21912,-21.917
31.8,-0.044352,-0.011713,-0.027976,-0.97521,0.031074,-0.03744,-0.0038391,0.47693,-14.457,-0.56821,-11.715,1.9152,21.546,2.5353,-20.409,-0.037135,-0.01425,-0.03647,-0.99334,0.029212,-0.042668,-0.015246,1.9492,-11.464,-1.6528,-15.06,-0.7275,21.874,-0.33962,-21.053
31.9,-0.03534,-0.0091516,-0.029359,-1.0077,0.018273,-0.044129,-0.0048314,-0.96615,-15.716,-2.9286,-11.946,0.70226,20.125,-1.1302,-20.685,-0.014014,-0.0075601,-0.023608,-1.0054,0.013326,-0.038563,-0.0064872,0.49389,-12.055,-1.2171,-14.563,-0.20398,21.357,0.48136,-18.57
32,-0.015026,0.00056944,-0.023751,-1.0064,0.027873,-0.056065,-0.00016334,-0.042508,-15.281,-3.0094,-11.703,-0.05801,22.96,0.68993,-20.702,-0.033536,-0.021863,-0.041578,-1.0161,0.02552,-0.041855,-0.015582,0.58638,-15.468,-1.1534,-15.127,1.9364,23.305,1.8068,-20.409
32.1,-0.048405,-0.030477,-0.044415,-1.0008,0.022473,-0.047777,-0.012315,2.8303,-13.911,0.31795,-12.523,1.8695,21.19,0.37029,-21.006,-0.032894,0.0033702,-0.035083,-1.0069,0.01882,-0.033024,0.00092891,1.125,-13.776,-2.4418,-15.254,3.4077,24.025,0.29896,-21.498
32.2,-0.034897,-0.004631,-0.05559,-0.99871,0.022962,-0.042717,-0.012326,0.55628,-13.937,-1.2173,-14.698,0.18002,21.229,0.40408,-20.446,-0.035552,0.0083602,-0.038016,-1.0125,0.0091048,-0.031906,0.00063481,-0.76604,-11.848,-1.7709,-14.25,0.69491,24.574,-0.55487,-20.131
32.3,-0.0377,-0.023763,-0.03698,-1.0013,0.018947,-0.042451,-0.0068439,0.12388,-13.588,-0.45039,-12.721,0.6943,24.024,0.13163,-18.971,-0.039842,-0.0089592,-0.040206,-0.99709,0.024947,-0.027796,-0.017267,-0.052965,-13.21,-0.79305,-15.483,-0.5686,24.128,1.1367,-21.558
32.4,-0.045657,-0.0074877,-0.044717,-1.0079,0.019571,-0.03699,-0.0078112,2.007,-15.185,-1.2586,-12.227,0.30482,25.658,-0.54402,-19.251,-0.03904,-0.017337,-0.018899,-0.99056,0.021853,-0.03049,-0.015881,0.22614,-13.687,-2.4506,-17.161,1.4458,23.35,0.44671,-19.377
32.5,-0.029581,-0.0056826,-0.055622,-1.0133,0.0086246,-0.036693,-0.012296,1.4899,-13.63,-0.42701,-14.459,0.89213,23.708,1.6989,-22.241,-0.036992,-0.0031329,-0.031214,-1.0085,0.022301,-0.040237,-0.017112,2.0685,-10.561,-1.4776,-17.095,0.68928,24.193,-2.4133,-19.506
32.6,-0.025624,0.00061363,-0.035018,-1.0095,0.023955,-0.036267,-0.011484,0.96328,-13.125,0.64642,-15.104,0.97656,23.865,-1.4068,-16.416,-0.045146,0.0095637,-0.032323,-0.99333,0.016193,-0.035693,-0.0085281,1.1387,-13.269,0.39315,-18.191,1.3155,22.484,0.821,-21.228
32.7,-0.043087,-0.013489,-0.021879,-0.99144,0.021118,-0.040181,-0.01071,1.3818,-11.716,0.35368,-14.082,2.1119,23.709,0.41256,-19.486,-0.035714,0.0037776,-0.043671,-1.0057,0.024544,-0.025413,-0.013685,0.72981,-10.812,0.32568,-17.873,0.95455,25.736,-0.27727,-20.288
32.8,-0.03183,-0.00088543,-0.047637,-0.98814,0.016776,-0.042115,-0.010813,0.53034,-12.868,-0.051661,-14.61,1.2233,23.146,0.37248,-19.23,-0.058102,0.013222,-0.013755,-1.0014,0.021453,-0.021125,-0.021074,0.35505,-10.838,-2.465,-18.206,1.7953,25.384,-1.9644,-19.147
32.9,-0.043179,-0.017926,-0.048793,-1.0021,0.020317,-0.034308,-0.0096029,-0.15588,-14.107,-1.205,-14.398,0.87476,23.137,-0.52722,-20.426,-0.023615,-0.0025694,-0.041322,-0.98918,0.0034213,-0.032685,-0.01089,0.26683,-12.393,-1.6872,-17.397,0.96767,25.552,-0.22566,-22.081
33,-0.041201,-0.010704,-0.044675,-0.98319,0.025891,-0.031148,-0.023254,1.0807,-11.806,-0.95128,-15.516,1.7915,23.947,3.0787,-20.14,-0.052685,7.5909e-05,-0.023843,-1.0268,0.01007,-0.021968,-0.016012,-0.13486,-9.115,-0.94493,-18.842,0.63287,25.079,1.5459,-21
33.1,-0.022794,0.00046798,-0.042906,-0.98396,0.017033,-0.030425,-0.014983,0.61661,-10.455,-0.68217,-15.872,0.70266,23.822,-0.082587,-19.075,-0.057313,0.038423,-0.048176,-0.99545,-0.00087609,-0.022054,-0.025997,0.87533,-10.733,-1.9849,-20.639,2.1821,24.526,-1.2714,-20.929
33.2,-0.032459,0.012075,-0.041693,-1.004,0.019958,-0.033554,-0.017668,1.9627,-12.375,-1.6811,-15.776,1.4603,25.294,-1.617,-18.262,-0.057379,0.001919,-0.017954,-1.0065,0.013175,-0.023077,-0.013699,1.0077,-9.819,-1.901,-19.774,1.3247,25.292,0.18413,-21.125
33.3,-0.031035,0.0029101,-0.035079,-0.99033,0.015851,-0.030593,-0.01954,1.4202,-10.954,-1.1776,-16.662,0.85264,21.915,-1.7427,-19.855,-0.02708,0.004293,-0.028972,-0.97463,0.00082966,-0.023616,-0.017577,2.1342,-11.056,-0.8322,-19.4,-0.44805,25.083,0.49876,-20.303
33.4,-0.036989,-0.011993,-0.028835,-1.0185,0.013278,-0.038491,-0.012742,0.35113,-11.101,-1.5853,-18.303,1.6233,24.853,-0.88086,-21.65,-0.052351,0.0083163,-0.031243,-0.98859,-0.0020057,-0.024209,-0.018131,1.0309,-8.9698,-0.37617,-18.428,-0.23237,27.286,-0.34461,-19.613
33.5,-0.056635,-0.0024218,-0.049492,-1.0089,0.012234,-0.026375,-0.011163,0.48003,-11.481,-1.4416,-19.828,-0.4815,23.334,-0.15803,-19.983,-0.044262,0.011287,-0.024086,-1.0059,0.0037987,-0.020139,-0.017792,0.53272,-7.8868,-0.54345,-19.4,1.7637,27.176,-1.5029,-20.495
33.6,-0.064546,0.017383,-0.011953,-1.0155,0.011208,-0.029584,-0.025363,0.68919,-11.734,-1.4472,-16.082,-1.6384,26.015,0.53275,-21.74,-0.042976,0.013999,-0.018838,-1.007,0.0026465,-0.024687,-0.01436,0.37621,-8.0227,-1.6704,-20.89,0.71564,25.74,-0.80793,-21.198
33.7,-0.053206,0.013891,-0.046151,-0.98971,-0.00063242,-0.025351,-0.024814,0.58202,-8.8371,-0.10362,-19.591,0.32594,26.615,0.62227,-19.16,-0.063395,0.026266,-0.02689,-1.0084,0.0040003,-0.020455,-0.015868,0.95583,-7.869,-2.1052,-19.838,-0.35643,29.293,-2.2796,-21.068
33.8,-0.048866,-0.0067043,-0.030076,-0.9822,0.0075965,-0.030488,-0.019447,0.52775,-9.0259,-1.3175,-19.122,-1.1393,25.401,0.80875,-18.876,-0.028805,0.028798,-0.010929,-0.99986,-0.0063841,-0.013052,-0.023075,0.17289,-8.0851,-0.69419,-21.072,-0.98247,27.038,0.28701,-21.215
33.9,-0.047743,0.013447,-0.024756,-0.99827,0.0053406,-0.026967,-0.021723,0.14579,-9.6661,-2.0885,-19.355,0.10618,24.855,0.97157,-19.926,-0.040524,0.015142,-0.021745,-1.0046,-0.0061468,-0.018018,-0.012515,0.057965,-5.3797,-0.48551,-21.847,-0.068603,27.408,0.43812,-21.587
34,-0.04077,0.014053,-0.02181,-0.98602,0.005715,-0.026971,-0.018901,-0.35802,-9.2672,-1.9372,-18.537,2.025,27.464,-0.29382,-21.545,-0.046043,0.012212,-0.02034,-1.016,-0.0099048,-0.017005,-0.013223,0.6069,-7.1866,-3.4945,-22.425,0.86611,26.851,-0.54472,-20.562
34.1,-0.047664,0.018646,-0.021759,-1.0056,0.0042779,-0.027398,-0.026069,0.45307,-8.8047,-2.3426,-19.774,0.27153,25.429,-0.41838,-20.606,-0.051841,0.017494,-0.021551,-0.99169,-0.0032925,-0.015074,-0.017279,1.7156,-7.93,-2.0133,-22.878,-1.1217,27.513,-1.8887,-22.922
34.2,-0.044353,0.011788,-0.025275,-1.0021,0.0072471,-0.030632,-0.012775,1.4779,-8.6759,-2.2025,-21.591,0.94449,25.07,-0.47521,-18.17,-0.062501,0.021449,-0.028121,-0.99925,0.0060535,-0.020343,-0.0080209,0.90335,-6.8261,-1.4924,-23.639,0.3913,25.665,-1.3072,-21.769
34.3,-0.045835,0.012713,-0.025389,-1.0108,0.0057885,-0.021346,-0.014935,-0.51762,-7.7288,-3.3055,-21.233,-0.17873,25.507,1.0114,-19.05,-0.054204,0.013015,-0.020555,-1.0081,-0.003846,-0.032443,-0.025082,0.18335,-4.3627,-1.4078,-23.63,-2.7294,27.71,0.551,-21.648
34.4,-0.033909,0.022719,-0.017218,-0.9963,-0.0023463,-0.019248,-0.019307,-0.6482,-6.9316,0.37549,-20.908,0.031898,24.513,0.28233,-20.951,-0.05702,0.021408,-0.013888,-0.99703,-0.012713,-0.011427,-0.021748,0.47592,-5.1775,-2.6448,-23.84,-0.1849,25.931,-0.77236,-22.134
34.5,-0.042012,0.017034,-0.024146,-1.0062,-0.0016602,-0.017307,-0.016665,3.0762,-7.8248,-2.0933,-22.039,-1.5476,27.914,1.3834,-20.018,-0.042986,0.0054642,-0.0024163,-1.0019,0.0020568,-0.012397,-0.013494,-0.31378,-5.6315,-1.3856,-25.105,-1.2261,25.699,-0.37301,-23.093
34.6,-0.04439,0.010298,-0.025382,-0.98985,-0.0018577,-0.027418,-0.012639,0.061016,-6.0253,0.36112,-23.183,-0.44174,24.597,-0.87616,-19.68,-0.032157,0.026505,-0.017724,-0.99342,-0.00065746,-0.014431,-0.011294,2.0873,-6.2447,-1.5087,-25.38,0.016246,26.874,1.1222,-22.347
34.7,-0.053752,0.03055,-0.0079321,-0.99584,0.0017698,-0.018455,-0.020829,1.8568,-5.9196,-2.8936,-22.762,-0.42128,25.664,0.68184,-19.628,-0.045527,0.023154,-0.0077436,-1.0097,-0.013813,-0.0045645,-0.01928,1.8513,-5.8123,-0.62414,-25.544,-0.93576,25.463,-0.31512,-22.017
34.8,-0.053046,0.033457,-0.024166,-1.0117,-0.0063783,-0.013747,-0.019191,1.0922,-6.3877,-2.2696,-22.054,-1.5666,25.758,-0.5187,-19.786,-0.036935,0.038972,-0.021315,-1.0104,-0.013276,-0.013516,-9.3942e-05,2.3281,-3.8079,0.42058,-25.371,0.033752,24.983,-0.072818,-21.467
34.9,-0.055748,0.018405,-0.013478,-0.99658,-0.011058,-0.0085793,-0.014027,-0.2354,-6.439,-1.4067,-24.058,0.24836,28.03,-0.87462,-20.898,-0.056194,0.018793,-0.0040109,-0.9999,-0.027097,-0.0052068,-0.020632,1.9129,-3.9473,-0.77259,-26.792,-0.033496,25.217,0.16707,-22.164
35,-0.073891,0.012357,-0.028115,-0.9701,-0.012043,-0.012536,-0.020566,-0.52384,-4.7329,0.49663,-24.64,-0.087675,26.176,0.38695,-19.169,-0.042031,0.0094502,-0.031462,-1.0117,-0.015646,-0.0079556,-0.004331,0.92864,-3.7245,-1.1064,-26.095,0.79368,26.802,-1.2439,-19.803
35.1,-0.057115,0.044196,-0.008085,-0.98706,-0.0083631,-0.020352,-0.012115,1.7364,-5.2442,-1.3125,-22.423,-0.2395,25.502,0.24839,-19.309,-0.039158,0.038335,-0.016046,-0.99056,-0.016568,0.0013016,-0.0067142,-0.55913,-1.8798,-2.9314,-26.827,-1.5801,25.898,-0.67334,-23.046
35.2,-0.041266,0.032039,-0.024692,-0.98276,-0.01226,-0.012949,-0.0062183,1.0512,-3.8633,-1.5293,-24.887,-2.2864,25.994,-2.4108,-21.082,-0.045243,0.038063,-0.0022351,-1.0114,-0.02419,0.00088195,-0.010087,1.3377,-2.7536,0.31951,-27.455,0.41285,26.619,0.57724,-22.263
35.3,-0.039376,0.023143,-0.012875,-0.98847,-0.015085,0.0018951,-0.010847,-1.9943,-5.8064,-0.078821,-25.164,-0.12647,25.171,0.44453,-18.527,-0.047301,0.03596,-0.0093453,-1.0078,-0.0097623,-0.0032583,-0.0053088,1.1296,-3.5771,-0.78114,-26.982,-0.90167,25.636,-0.011326,-20.951
35.4,-0.059178,0.011627,-0.030164,-1.0008,-0.0080726,-0.01117,-0.0212,0.87635,-4.1391,-1.3716,-25.132,0.23876,24.956,-0.87875,-20.826,-0.039624,0.041356,-0.015088,-1.0124,-0.021116,0.0042964,-0.0026301,0.75712,-0.1664,-1.7315,-28.285,0.35,25.153,0.83628,-23.918
35.5,-0.055665,0.028281,-0.021205,-1.0059,-0.0089866,-0.0086974,-0.014304,1.6646,-2.6794,0.36463,-25.728,-0.68048,25.601,1.0785,-22.389,-0.012953,0.040116,-0.018695,-0.98708,-0.019182,-0.00093698,-0.0076663,0.15831,-2.0344,1.1927,-29.122,-0.8021,24.327,-0.29276,-21.292
35.6,-0.052561,0.033613,-0.02107,-0.98387,-0.014794,-0.01294,-0.015292,0.78868,-2.637,-0.98333,-27.11,0.562,24.608,0.34687,-21.539,-0.053664,0.014482,-0.024324,-1.0084,-0.013112,-0.0056627,-0.013852,0.99978,-1.4725,-2.2603,-29.243,0.042432,24.928,-0.44699,-20.693
35.7,-0.041789,0.03406,-0.013075,-1.0113,-0.0094705,-0.015142,-0.0072228,1.715,-3.4025,0.35533,-24.433,0.9047,26.027,-0.58087,-19.596,-0.047911,0.013924,-0.0046635,-0.98904,-0.018685,0.0041263,-0.013064,-0.044985,-0.53926,-1.7143,-29.89,-0.52543,23.525,0.58375,-22.478
35.8,-0.044943,0.044228,-0.01441,-0.9827,-0.012006,-0.0096377,-0.021715,1.4981,-3.7992,-1.2647,-25.095,0.86553,24.106,-0.80384,-19.625,-0.026076,0.022,0.011709,-1.0109,-0.028334,0.0016574,-0.008416,-0.18162,-0.86443,-0.82869,-28.714,-1.0145,22.26,-0.70001,-21.366
35.9,-0.04106,0.019851,-0.018454,-1.001,-0.013993,-0.008997,-0.0092604,0.93755,-2.5716,-0.81143,-26.642,0.48749,24.203,-1.9449,-21.658,-0.040871,0.030094,-0.0043692,-1.0021,-0.018409,0.007852,-0.012,1.2429,-1.4329,-0.14584,-29.796,0.13652,23.488,0.50479,-21.147
36,-0.044346,0.03258,-0.021069,-1.0065,-0.018893,-4.7525e-05,-0.0081963,1.2752,-2.3443,-2.6367,-26.778,0.84838,23.166,-0.036082,-22.113,-0.027043,0.040207,-0.021179,-0.9894,-0.01591,0.0071079,-0.0070713,0.81408,0.28311,-1.6213,-28.832,-1.6599,25.354,0.67078,-21.35
36.1,-0.032673,0.041311,-0.0057238,-0.99369,-0.017743,-0.0067362,-0.0043039,0.70942,-2.1058,-1.505,-27.264,-0.47104,25.357,0.44282,-21.253,-0.03685,0.020167,0.013447,-1.0129,-0.021933,0.0092048,-0.010648,1.5554,0.89984,0.25687,-31.586,-2.0261,23.639,0.65087,-20.736
36.2,-0.025645,0.032154,-0.0064873,-0.98985,-0.019741,-0.0073089,-0.010636,0.62827,-2.3639,0.044415,-30.048,0.080793,23.518,-1.8156,-20.309,-0.025827,0.032341,-0.020947,-0.99774,-0.022762,0.0075266,-0.0082845,0.96632,2.0964,-0.83147,-31.207,-1.2665,21.556,-0.67592,-22.178
36.3,-0.024298,0.033999,-0.012617,-0.99859,-0.013522,-0.0048403,-0.00087129,1.6019,-1.2162,-1.5685,-27.425,-0.89964,23.912,-1.2637,-21.737,-0.027441,0.013364,0.0066496,-0.99885,-0.022759,0.0093079,-0.0069981,1.099,-0.74407,-0.17432,-32.214,-1.2364,22.128,1.4628,-20.15
36.4,-0.047361,0.03803,-0.006724,-0.98945,-0.019322,-0.010397,-0.0014907,0.40071,-0.84623,-1.6597,-28.836,-0.99682,22.181,-0.74875,-19.073,-0.027216,0.029974,-0.0027356,-0.98979,-0.021077,0.0071473,-0.0032449,1.6109,0.11548,-1.9117,-30.998,-0.9916,21.483,0.62984,-19.365
36.5,-0.045233,0.026037,-0.0042869,-1.0093,-0.027323,-0.0033904,-0.0050056,0.60309,0.31582,-0.54587,-30.858,-0.77344,22.926,0.070123,-21.721,-0.034444,0.023126,0.0085687,-0.98943,-0.023257,0.011091,-0.0094501,-1.1602,1.7046,0.44673,-33.917,-0.82506,21.377,1.1256,-20.813
36.6,-0.030852,0.019459,-0.014065,-0.99034,-0.014186,-0.01304,-0.0042583,0.053673,-0.05064,-0.12339,-29.21,-1.669,22.683,1.1185,-20.033,-0.034745,0.028858,-0.0024562,-0.97847,-0.022135,0.012671,-0.006521,-0.81463,-1.5134,-0.28763,-31.54,-0.42926,20.814,1.2351,-19.888
36.7,-0.033886,0.033719,0.018429,-1.0018,-0.021337,0.0014176,-0.0097741,1.0636,-0.26891,-1.6046,-31.323,-0.74246,24.02,1.3764,-19.688,-0.025073,0.043805,-0.010302,-1.0025,-0.022312,0.0048272,-0.0032571,-1.4779,0.58058,-2.3208,-33.214,-0.062806,19.675,-1.0119,-19.029
36.8,-0.046293,0.011519,0.00011682,-0.99598,-0.027014,-0.00061049,-0.0032276,1.5996,-1.0705,0.81816,-31.264,0.50326,20.056,1.7476,-21.602,-0.014501,0.019331,0.023094,-1.0029,-0.028625,0.017488,0.0017031,0.11878,0.41698,-1.0298,-34.104,-1.4914,18.448,0.13673,-18.708
36.9,-0.022024,0.035549,-0.001467,-0.99997,-0.026461,-0.00019557,0.0030981,0.74486,-1.7543,-0.73288,-29.069,-1.1175,24.001,1.2161,-18.316,-0.030363,0.026684,-0.0047017,-0.98764,-0.02343,0.018153,-0.0042779,-0.84695,-1.0806,-0.65102,-37.986,-1.7948,19.779,-0.95659,-19.647
37,-0.027315,0.014684,-0.0048366,-1.0044,-0.022692,-0.0023218,-0.00066701,2.8846,-1.4286,-0.96771,-30.501,-0.67682,20.566,0.92471,-19.398,-0.025185,0.0053952,-0.0037392,-1.0124,-0.023947,0.016555,-0.0022572,-0.93679,-1.9838,-0.14298,-33.554,-2.7031,18.871,1.1181,-17.547
37.1,-0.031638,0.043885,-0.019372,-0.99904,-0.021944,0.0076079,0.001097,-1.8402,2.3139,-1.1889,-32.605,-1.4946,20.972,0.099024,-18.811,-0.024229,0.017224,0.0052225,-0.99633,-0.017456,0.024321,-0.0037041,-0.20992,-1.7042,-0.04109,-34.199,-1.3256,18.077,-1.3894,-19.486
37.2,-0.011435,0.037155,-0.00078776,-0.99816,-0.028154,0.0043419,-0.0084277,0.10979,-0.42074,-1.679,-32.049,-1.9613,19.867,0.69491,-20.782,-0.020372,0.020794,-0.011981,-1.005,-0.024463,0.013998,-0.0066804,-1.6314,-0.4132,1.4146,-36.711,-1.1493,17.705,0.1284,-20.264
37.3,-0.039819,0.020709,-0.0063268,-1.0094,-0.026778,0.019098,-0.011591,0.90258,0.99084,-0.65361,-31.349,-0.22556,21.985,0.73473,-18.49,-0.011745,0.025884,-0.017869,-1.0151,-0.024026,0.023894,0.0062613,0.59707,-0.14672,-1.4893,-34.926,1.0222,18.114,0.13469,-18.607
37.4,-0.038414,0.033891,0.0010576,-0.99516,-0.026734,0.0097533,-0.014151,-0.33202,1.8248,-1.9451,-30.724,-2.1575,20.758,0.26945,-18.944,-0.025392,0.032028,0.0086885,-0.98149,-0.017759,0.016403,-0.0065098,-1.3176,0.23936,0.71607,-34.971,1.8251,18.543,1.4943,-19.818
37.5,-0.025682,0.03359,0.0011944,-1.0024,-0.02692,0.0073418,0.0023772,-1.3462,2.1499,-1.7649,-34.244,-1.2249,20.433,0.38722,-17.251,-0.026917,0.022998,-0.0075233,-0.99899,-0.017111,0.016378,-0.0077281,-1.0649,-2.466,1.4305,-34.534,1.23,18.759,0.16397,-20.557
37.6,-0.017507,0.037392,-0.015223,-1.0119,-0.024951,0.011109,-0.0047586,-1.2998,1.1948,0.21798,-34.316,-1.9912,19.275,2.0234,-16.449,-0.019214,0.006049,-0.0021426,-0.99359,-0.021915,0.017642,-0.0034578,-1.2025,-1.6885,0.22362,-33.076,-0.88056,19.966,-0.82669,-18.131
37.7,-0.013126,0.015066,-0.0025215,-1.0223,-0.028705,0.026605,-0.0057539,-0.64395,1.9768,0.032351,-33.066,-0.18585,18.396,-0.14848,-17.59,0.00020752,0.01162,-0.01018,-1.0042,-0.0082594,0.017848,0.0097418,-1.2201,-1.9372,-0.25106,-32.644,-1.2691,19.438,1.2247,-20.493
37.8,-0.039054,0.01851,-0.01381,-1.0013,-0.024447,0.017763,0.0067754,-2.5837,1.6748,-1.1282,-34.291,-0.17558,18.983,0.75848,-17.468,-0.0028676,0.022189,-0.0089684,-1.0007,-0.025077,0.013217,0.0041596,-2.5279,-4.4028,0.73398,-32.858,1.1102,18.918,-0.47371,-17.929
37.9,-0.026043,0.011789,-0.001783,-1.0025,-0.016315,0.01504,-0.00062886,-1.107,0.34735,-0.74139,-35.662,0.18518,17.321,0.75458,-18.527,-0.010158,-0.0036135,0.0073323,-0.9986,-0.019126,0.010623,0.0070606,0.3059,-1.6002,-1.3891,-33.698,0.53419,17.546,0.47966,-18.222
38,-0.02363,0.02029,0.00023114,-0.99631,-0.019737,0.024984,0.0023927,-1.622,-1.1809,-2.1271,-35.306,0.2546,17.671,0.41567,-16.495,-0.01295,0.020099,-0.00098777,-1.0055,-0.005697,0.01672,-5.7337e-05,-1.6101,-3.1725,-0.11735,-32.264,1.2382,19.472,1.0369,-20.313
38.1,-0.031848,0.012094,0.004113,-0.99249,-0.030555,0.023054,-0.0010114,0.3561,-0.28407,-0.079874,-34.813,-1.3022,16.473,1.2219,-16.861,-0.0079038,0.031914,0.0026247,-1.0202,-0.0048822,0.0089218,-0.0068127,-0.91482,-3.5045,0.34969,-31.735,-0.88777,19.896,-0.095547,-17.518
38.2,0.0048711,0.03404,-0.012866,-1.0133,-0.024502,0.032224,-0.0022457,-0.55717,0.49207,1.8307,-35.202,1.9097,14.613,1.9143,-17.742,-0.031808,-0.011292,0.02696,-1.0117,-0.0041199,0.0096456,-0.0020301,-0.32343,-2.6086,-1.5925,-33.148,-1.4504,18.982,0.36347,-20.611
38.3,-0.0067708,0.013034,-0.0077887,-0.99971,-0.025883,0.018728,-0.0018434,-0.73946,-0.66019,1.5071,-35.094,-0.010196,16.459,-0.90932,-18.169,-0.023305,0.01579,0.014624,-0.99989,-0.011753,-0.00039148,-0.00057188,-1.6948,-0.61157,1.6809,-30.399,-0.4688,18.006,-1.39,-19.178
38.4,-0.0089739,0.018073,-0.0010688,-1.0081,-0.01079,0.018068,0.0047717,-1.6144,-0.06769,1.5764,-35.116,2.0488,16.72,-0.6813,-17.451,-0.018977,0.0068227,-0.013529,-1.0099,-0.0099491,0.0079361,-0.00036814,-0.23786,-1.4744,-0.87991,-32.51,-0.76813,18.53,0.466,-17.669
38.5,-0.0094426,0.014257,0.017366,-1.0095,-0.0081453,0.027915,-0.0070042,-0.40904,-0.12254,1.8264,-34.762,0.050378,18.628,-1.0019,-15.562,-0.0020816,0.0077437,0.020289,-0.9887,-0.0092335,0.0054184,0.0026775,-0.56483,-2.3859,0.27676,-32.112,1.1601,21.61,-0.54698,-18.802
38.6,-0.0065874,0.015652,-0.0074203,-0.99454,-0.017456,0.016072,0.0021916,-0.1663,-0.28625,-1.0065,-32.797,0.39329,15.91,0.3061,-18.72,-0.025167,0.0066705,0.0043088,-1.0056,-0.012281,0.015764,0.0016505,1.1358,-3.8229,0.45172,-32.49,-0.97135,18.788,-0.011187,-18.086
38.7,-0.01092,0.011367,0.0060991,-0.99949,-0.01496,0.019631,0.00016903,-1.2248,-1.3174,-0.66942,-36.213,-1.1251,18.998,-1.0532,-17.979,-0.010087,0.00036102,0.0048711,-0.99176,-0.013202,0.007945,-0.0072791,0.085867,-5.2258,1.4245,-30.128,-0.25099,17.343,0.10411,-18.674
38.8,0.0052858,-0.0093518,-0.013751,-0.99601,-0.011835,0.010872,-0.004361,-0.8445,-3.1613,1.941,-33.35,-1.7025,17.541,-0.13473,-18.708,-0.0091187,0.0063887,0.0013918,-0.98673,-0.0057118,0.015009,0.0017291,1.182,-3.3501,1.3749,-33.386,-0.79746,20.465,-0.84599,-18.435
38.9,-0.0027591,0.018183,-0.0044004,-1.0108,-0.011478,0.013417,-0.0092535,-0.67213,-1.9826,-0.032348,-34.568,0.58909,16.939,0.23038,-19.445,-0.0087826,0.0032927,0.00089793,-0.99836,-0.012712,0.0022942,-0.0021135,2.3678,-4.9137,-1.2905,-32.159,-0.44512,19.268,2.0919,-19.103
39,-0.018019,0.011662,-0.0072707,-1.0039,-0.013498,0.012688,-0.008067,-1.866,-0.42397,-1.25,-31.815,-0.73394,16.852,0.46918,-18.621,0.00089877,0.00078687,0.022312,-1.0207,-0.0078892,0.0042162,0.0027845,-1.1414,-4.3959,-2.2591,-32.832,1.5845,17.366,0.1223,-17.227
39.1,-0.014854,0.028667,-0.011755,-0.98714,-0.014003,0.014087,0.0040494,0.22887,-3.1681,0.67311,-32.69,-0.042031,17.807,1.1177,-18.26,-0.0035037,0.0070239,0.0098476,-1.0058,-0.0022148,0.014174,0.0021489,1.1834,-3.963,0.54857,-31.155,1.701,19.667,-1.4222,-18.145
39.2,-0.0078153,0.027431,0.017484,-0.98559,-0.02083,0.011347,-0.005236,-2.7005,-4.3588,0.69776,-31.489,-1.2346,19.216,-1.0035,-18.181,-0.014696,-0.0046585,-0.00082994,-0.98552,-0.00092964,0.0051443,0.00038875,-0.40925,-3.5697,-0.51663,-30.54,-0.033683,19.841,-1.0495,-18.503
39.3,-0.018969,0.029601,0.0023504,-1.0069,-0.011274,0.012337,-0.007284,-0.98763,-2.8439,-0.13727,-33.129,0.37208,18.17,-0.41989,-18.428,-0.012878,0.0079611,-0.01885,-1.0012,-0.01415,0.0042191,-0.0022998,1.0411,-4.6635,-2.2617,-30.373,0.27434,20.075,0.51367,-18.354
39.4,-0.020321,0.012652,-0.0012379,-1.0145,-0.0091387,0.012251,-0.0021519,0.88601,-1.4929,-0.14199,-30.94,2.0312,18.002,-1.4438,-16.624,-0.013816,0.014154,-0.0063369,-0.98601,-0.0056024,-0.0067227,0.005151,-0.45484,-4.6833,-1.5023,-30.574,1.6684,18.258,0.5363,-17.978
39.5,-0.015803,0.024175,0.017594,-1.006,-0.006995,0.012898,-0.003977,0.027276,-4.4452,-0.64055,-31.401,-0.71681,17.045,-1.3028,-19.258,-0.0066594,8.4417e-05,0.0090072,-0.98672,-0.0011957,0.011485,-0.0017865,-0.4561,-5.3202,-0.8721,-31.608,1.3449,18.548,-0.43346,-20.041
39.6,-0.011753,0.0026209,0.0099128,-1.005,-0.01122,0.011881,0.0024324,-0.15981,-3.7356,0.66603,-32.551,-1.2321,19.25,-0.78323,-17.808,-0.012857,0.0056769,-0.0062904,-1.0104,-0.0070661,0.0044538,0.00062627,-1.5879,-2.9493,-0.40051,-31.07,0.28947,18.052,1.2171,-18.6
39.7,-0.0040535,0.021876,-0.0066248,-1.0047,-0.01038,0.012105,-0.003312,-0.92858,-2.819,1.0921,-31.701,-0.96525,17.255,1.091,-18.561,-0.0066462,0.0013918,-0.00025331,-1.0063,-0.00065857,0.0085504,0.0063599,1.2188,-6.4041,0.68256,-31.838,-1.1154,17.435,-2.5185,-19.256
39.8,-0.01243,0.002089,-0.0099963,-1.0089,-0.0080463,0.0021419,0.005158,-0.79797,-4.3267,0.5946,-31.456,1.0627,18.93,-0.028089,-20.633,0.0086077,-0.0020604,0.0016311,-0.98482,-0.0019899,0.014355,0.0079387,-0.54241,-5.0728,-0.62304,-30.441,-0.86477,17.928,-0.29193,-19.668
39.9,-0.016375,0.014214,-0.015566,-1.0167,0.00046304,0.0062855,-0.0079845,-0.15346,-2.4228,0.76015,-32.689,0.49388,19.443,-0.4271,-16.941,0.008472,-0.010882,0.0031034,-0.99583,0.0040061,0.0053941,0.0035614,-0.51132,-6.5644,1.7441,-32.127,0.10519,18.311,0.3214,-17.97
40,-0.01065,-0.0053495,-0.0016777,-1.0014,-0.0060584,0.0028353,0.001747,1.3314,-1.8458,0.6905,-31.083,-1.4195,17.503,-0.13195,-17.039,0.0044939,-0.0053644,-0.0065589,-0.99573,-0.0058774,0.0078812,0.00086105,-1.2758,-6.413,-0.65728,-32.73,0.5042,18.13,0.020278,-19.452
40.1,-0.023752,-0.017738,-0.0032428,-1.0067,-0.0046271,0.0043598,0.004163,-0.24181,-2.6225,-1.2572,-32.163,-0.19963,17.583,0.11235,-16.389,-0.0035969,-0.00027679,0.0024183,-0.9998,-0.010683,0.013336,0.0045521,-0.13214,-4.9941,-0.62548,-31.208,1.6992,19.35,0.32475,-19.418
40.2,-0.036275,0.020508,0.0061553,-0.98162,-0.0084295,-0.00024689,0.0085009,-1.6654,-4.1527,-0.15396,-29.717,0.46865,18.731,1.3614,-17.725,-0.0082193,0.020482,-0.0072265,-1.0137,-0.0042076,0.0012962,0.0027321,-2.9805,-5.8052,-0.54169,-30.27,-0.15122,19.133,1.6278,-18.233
40.3,-0.019249,0.010191,0.0060198,-1.0133,-0.013624,0.0077639,0.00039225,0.0076946,-4.7688,1.1736,-31.167,-0.14209,18.279,-1.7116,-18.531,-0.022393,0.012552,-0.0060206,-0.99874,-0.0055871,0.0011408,0.0032024,0.72309,-4.0234,-0.70816,-30.909,-1.6592,18.133,0.87296,-18.219
40.4,0.00052669,0.0012673,0.006472,-1.003,-0.0078571,0.0058689,-0.0029781,0.60595,-4.5038,1.6782,-31.351,-0.75573,17.565,-0.7304,-16.837,-0.0051475,0.0053949,-0.011767,-1.0007,0.0036921,0.0037213,0.0032975,0.52443,-5.2445,-0.81239,-30.347,-0.35488,18.421,0.1008,-19.182
40.5,-0.0018425,0.011995,-0.019152,-1.008,-0.0023852,-0.00041877,0.014299,0.96395,-4.882,1.8661,-31.102,0.34997,16.827,-1.587,-18.847,0.00066397,-0.0004172,0.020174,-1.0112,-0.0018864,0.0034958,-0.0027668,-0.24273,-4.0097,-0.034447,-31.536,-0.479,16.639,0.6814,-18.482
40.6,-0.01772,0.0235,0.014613,-0.99177,-0.0060701,0.00033993,-0.0065902,1.8672,-4.0502,1.4945,-32.128,0.64934,18.523,0.15983,-17.97,0.00016462,0.011801,0.0052214,-1.0114,-0.0096842,0.0048726,0.0047355,-1.0903,-6.2011,-0.99665,-32.639,1.6652,18.201,1.1929,-19.494
40.7,-0.013888,-0.0065578,-0.0067845,-0.99313,-0.0047353,0.002862,-0.0013056,-0.51705,-3.3599,1.8755,-33.079,0.93128,17.157,-0.23416,-17.856,-0.010774,-0.017707,-0.0030248,-1.0194,-0.0078501,0.0029785,0.00097132,1.4536,-6.9453,-1.5687,-31.047,-1.9107,17.559,-2.1712,-18.114
40.8,0.00085378,0.0082674,0.019268,-1.0133,0.0046059,0.013367,0.0031517,-1.4036,-3.9864,-0.77808,-31.562,1.6098,19.386,0.9017,-17.235,-0.0029413,0.00077887,-0.011554,-0.99254,-0.0052102,0.0010384,0.0005324,-1.1411,-3.3086,1.0425,-31.612,-2.3264,18.335,-1.5396,-20.334
40.9,-0.0015288,-0.015501,0.0062187,-0.99135,0.0001871,-0.00121,0.0016439,-0.484,-4.5908,-0.78401,-31.301,-1.6359,17.108,0.53919,-17.613,-0.009369,-0.0035333,0.0019248,-1.0012,0.0017336,0.003144,0.00054483,0.56804,-5.3772,2.5509,-30.227,-0.30411,19.913,0.021222,-17.898
41,-0.010681,0.022739,0.0022734,-1.001,-0.0075078,0.00647,0.0027687,-0.40774,-5.1535,1.0473,-31.605,0.298,17.986,-0.89482,-17.295,0.00077607,0.0058829,0.012402,-0.99531,0.0011826,0.010977,-0.0016802,-0.98057,-7.1816,0.46184,-32.06,-0.19655,20.51,1.2386,-18.475
41.1,-0.010178,-0.0047164,-0.0075315,-1.0059,-0.004502,-0.0019881,-0.00097236,-0.81351,-3.781,0.74456,-30.199,0.34648,17.861,0.90919,-17.244,0.020396,0.01072,0.015894,-1.0081,-0.0069059,0.0031936,-0.0025761,1.5397,-5.4726,-1.5133,-31.203,-1.7301,18.416,0.87096,-17.605
41.2,0.0029563,-0.011938,-0.0021554,-1.0117,0.00065034,0.0019561,0.0075647,0.52358,-5.2396,-0.11183,-30.607,2.7189,17.049,0.13542,-18.52,-0.0055342,-0.0037224,-0.0021055,-1.0004,-0.0019475,-0.0052724,-0.0083501,0.7983,-5.2346,1.2219,-30.794,-0.83029,19.26,-0.77739,-21.11
41.3,0.00047918,-0.00031917,0.0022752,-1.0021,0.00094602,0.0033186,-0.00011661,-0.25245,-4.9667,-0.41909,-29.511,0.16705,16.454,0.76244,-19.438,-0.022862,0.0047248,0.0065977,-0.99863,-0.0056949,0.0040597,-0.0022161,-1.095,-1.3739,-1.4505,-31.649,-0.56269,20.045,0.43109,-18.637
41.4,-0.0065612,0.001838,-0.024953,-0.99894,0.0063334,0.010858,0.0010686,0.037504,-4.8421,0.089902,-31.156,0.31309,16.925,0.98544,-18.414,-0.006016,0.011975,0.0042979,-0.99423,-0.0070549,0.013593,-0.001103,-0.7247,-3.0885,1.0995,-29.553,0.27483,20.52,-0.38569,-19.209
41.5,0.0064909,0.007153,-0.0055822,-1.0049,-0.0072072,-0.0025536,0.003667,1.9559,-2.3752,0.92172,-30.684,-0.48819,18.056,-2.3607,-17.186,-0.0048617,0.0029678,-0.010746,-1.0063,0.00079978,3.3539e-06,-0.0014586,-1.0075,-6.971,-0.90347,-30.964,0.061216,17.178,1.1322,-21.358
41.6,-0.017082,0.0056935,0.0233,-1.0014,-0.0031766,0.0022571,0.00033544,-1.9101,-5.0695,-0.99186,-29.722,0.7188,18.839,-1.0005,-18.604,0.0088784,-0.0034291,0.0056099,-1.001,0.0060753,0.00013107,0.0022998,-0.85091,-6.1038,-0.51366,-30.946,1.7667,17.867,-1.0269,-18.628
41.7,-0.010517,-0.0065118,-0.0038066,-1.0025,-0.0028694,0.011169,-0.0016586,-1.2252,-4.6536,0.62542,-30.107,-0.40523,17.071,1.5702,-18.651,0.0056371,-0.0046334,-0.01321,-1.0086,-0.0018067,0.0088363,0.0032433,1.6461,-5.3784,1.1219,-32.796,0.33889,18.165,-0.086798,-18.493
41.8,-0.015951,0.017722,-0.0027035,-0.99032,0.0048658,0.0013244,-0.010629,-1.6473,-3.7632,-1.2716,-29.242,1.2783,18.147,0.12217,-17.353,-0.00069857,0.0062073,0.0013801,-1.0048,-0.0049171,-0.0012323,-0.0049437,0.58183,-4.4696,1.5287,-30.207,-0.62513,20.313,0.81535,-20.846
41.9,0.0039697,0.0050992,0.00043766,-1.0072,0.0017081,0.002488,-0.0037336,1.352,-4.3801,-0.22543,-31.301,-1.096,17.802,-1.0658,-16.452,-0.016129,0.01218,0.0010283,-1.0204,-0.0037402,-0.0058508,0.0015601,-0.060186,-5.1375,1.9559,-30.962,-2.0015,19.596,0.61867,-18.04
42,0.003041,0.015435,-0.0091209,-1.0111,-0.00016847,-0.012664,-6.0212e-05,-0.39931,-5.2984,-1.2566,-32.469,-0.59502,18.218,-2.507,-17.97,0.011704,-0.0050848,0.010557,-0.99939,-0.0086226,-0.0096613,0.0033986,0.015516,-3.6381,-0.23878,-30.368,-0.75765,16.698,0.90515,-19.527
42.1,-0.0079077,-0.0013999,-0.0023884,-1.0077,-0.00066856,0.0037138,-0.0016628,1.498,-3.8679,0.065565,-31.428,-1.0318,17.104,-0.67328,-17.474,0.019548,-0.0081204,-0.0060575,-1.0227,0.0032284,0.0071931,-0.0037242,1.0931,-4.893,-1.0057,-32.554,-0.033434,19.536,0.52245,-20.19
42.2,0.0041366,0.012846,0.003384,-0.98724,0.0007195,-0.0078432,-0.0038986,-0.66118,-5.4407,-1.449,-31.229,1.5186,19.03,0.50982,-17.969,-0.0044814,0.0058441,0.022982,-0.97232,-0.011082,0.00097957,0.0049458,0.6727,-8.0401,-0.22208,-31.509,0.82502,18.906,2.6806,-18.735
42.3,0.0003358,0.0050903,0.013296,-1.0074,-0.0012959,0.0032243,-0.0043052,-0.53477,-4.8713,-0.9113,-30.943,0.53062,17.826,0.62915,-18.092,-0.010697,0.023647,-0.0065916,-0.98845,-0.0054816,0.0034659,-0.00075914,-0.70704,-6.0695,0.72005,-31.388,-0.28237,19.71,0.20325,-18.64
42.4,-0.016771,-0.0038523,0.0030375,-0.99338,-0.0015634,0.015801,-0.0091194,-1.1666,-4.6038,-0.16494,-30.909,0.16237,17.973,-0.70582,-15.735,0.002867,-0.018497,0.0080661,-0.98942,-0.00067579,0.0080952,0.0044737,0.93558,-5.3006,-0.30121,-30.114,-1.937,18.645,-2.1833,-17.911
42.5,-0.026443,0.0033171,0.00038635,-1.0056,0.0057014,-0.0037019,0.0024757,2.1023,-3.6977,2.1101,-32.088,-0.33423,17.294,1.0507,-16.745,0.0099874,-0.0011365,0.00013933,-1.0109,0.0084429,-0.00077263,0.0073376,0.46642,-4.4116,-0.34018,-32.106,-2.3779,19.41,0.024417,-19.277
42.6,-0.0023141,0.0093946,0.0090444,-1.023,0.0012526,0.010766,0.0094835,-1.6053,-2.978,2.101,-30.626,0.38156,16.4,1.7282,-16.832,-0.0089683,0.0076585,-0.011687,-0.99009,-0.0012313,-0.0019317,-0.006117,0.65906,-5.2191,-0.44553,-31.898,1.9133,18.681,-0.55112,-18.151
42.7,-0.011221,0.0099135,-0.0019483,-0.99182,-0.00018491,-0.0053799,0.002111,-0.72752,-5.085,0.89865,-29.629,0.53126,17.649,1.792,-15.8,-0.0040555,0.0092627,0.00041685,-1.0055,-0.0013537,-0.0066789,-0.011118,-0.80666,-5.9686,-2.0886,-32.242,0.75839,21.394,0.78688,-18.001
42.8,-0.0024152,0.0023257,0.013286,-1.0126,0.001929,-0.0045933,0.00090421,1.4134,-6.2432,0.041878,-31.739,1.5466,17.383,2.3757,-16.871,0.010227,0.0018035,0.0022904,-1.0039,-0.0065904,0.001435,-0.0071037,-2.204,-6.0132,-2.5573,-30.093,2.6528,19.696,-0.5038,-20.295
42.9,0.010223,-0.0076352,0.0016699,-0.99636,-0.0033783,-0.0018697,-0.00066079,0.53233,-5.4485,-1.0039,-31.625,-2.4594,18.164,1.3233,-18.247,-0.014905,0.0042296,0.011012,-1.0153,-0.002169,0.0054024,-0.0086602,-2.3182,-7.8824,0.29868,-31.947,2.33,19.396,-0.85152,-19
43,0.0073958,-0.0016121,-0.0117,-1.0099,0.0037496,-0.009507,-0.0023365,0.072199,-4.2344,-1.7323,-29.724,-2.5081,16.124,-3.0901,-17.336,0.0046089,0.00018353,0.0060758,-1.004,-0.00099617,0.0013195,-0.0080577,1.6334,-4.835,0.7414,-32.2,0.061342,18.451,1.051,-18.879
43.1,0.0021845,0.014479,0.0066619,-1.0024,-0.0040967,0.001103,0.00064498,1.4082,-4.6794,1.0177,-29.117,-0.4773,16.222,-0.83744,-18.129,0.0074689,-0.00018161,0.020815,-0.99845,0.0044633,-0.0049033,-0.0027721,-0.47936,-3.5207,-1.2635,-31.741,1.1748,19.054,0.37249,-19.186
43.2,-0.0052217,0.0021348,0.016984,-1.0029,0.0028226,-0.0020331,0.0029304,-0.49667,-3.2609,-0.19677,-29.367,1.6532,17.992,0.42262,-17.769,-0.0025699,0.015378,-0.0032085,-0.99422,0.0042433,0.007068,-0.0093079,0.7725,-5.7087,0.23163,-32.379,-0.25945,20.199,-1.1875,-18.366
43.3,0.0040011,0.0028742,0.00054402,-1.0194,-0.010424,0.0060548,0.0033904,-2.0519,-3.1293,-0.77703,-30.626,0.16909,17.014,-0.57038,-15.622,-0.007116,0.0041881,0.0049082,-1.0046,-0.0050717,0.0075557,0.0018738,0.29325,-5.267,0.83519,-32.588,0.62665,19.121,0.96085,-19.927
43.4,-0.0065655,0.0031804,0.0036814,-0.98607,0.0037393,-0.0012785,0.0022815,1.9425,-4.8249,0.49313,-30.968,-0.66377,18.539,-1.4615,-18.159,0.015897,-0.0023903,-0.0056503,-0.99114,0.0025565,0.0024376,-0.0043547,-0.30663,-6.4066,1.362,-32.564,0.3968,19.263,-0.92136,-18.336
43.5,0.0055064,0.0052691,0.010545,-1.0058,0.011693,-0.0023852,0.0041657,0.69504,-3.5571,1.4202,-29.64,-1.9416,16.574,-1.0174,-17.582,-0.0061585,0.005833,0.01553,-0.98891,-0.0045374,0.0014169,0.00061473,2.0243,-6.1933,-0.628,-31.009,-1.267,17.753,1.949,-20.016
43.6,0.0088231,-0.0098958,-0.00081747,-1.0074,-0.0026438,0.0030628,0.006356,0.71671,-3.4782,1.4862,-31.227,-1.8584,17.032,-1.2199,-19.186,-0.019598,0.0032141,-0.0071018,-0.99099,-0.00029855,0.012172,0.0012778,0.19902,-5.3594,0.67104,-32.193,-0.4347,18.088,-0.83572,-20.981
43.7,-0.007089,-0.0158,-0.0095235,-0.9993,-0.0017179,-0.00085272,-0.0040204,0.97187,-5.5366,-2.7215,-28.492,-0.20324,17.376,-0.86751,-20.039,0.00164,-0.0066608,0.010647,-1.0101,0.002913,-0.001281,0.0040375,-3.2604,-3.6787,-1.9547,-30.93,2.036,19.227,0.039902,-20.335
43.8,-0.007348,-0.012308,0.0019779,-1.0129,0.010736,0.0013523,-0.005965,0.16847,-6.3628,0.39793,-31.131,-0.30236,18.572,2.052,-15.958,-0.0094478,-0.0023062,-0.0047329,-0.99807,-0.0035217,0.0037843,-0.0018308,0.53786,-6.3123,-0.87219,-32.056,0.55924,18.762,-0.15179,-17.899
43.9,0.0098455,0.025219,-0.010893,-1.0097,-0.0012927,-0.0065713,-0.0070098,0.47984,-3.3703,-2.1789,-31.879,1.682,18.308,-0.96519,-16.052,0.00088431,0.01729,0.0068147,-0.99143,0.0052668,-0.006673,-0.0022028,0.67194,-4.8357,0.015457,-32.695,0.069462,19.005,-1.9659,-18.648
44,0.0079279,-0.010332,0.0072656,-1.0141,7.1988e-05,0.0073817,0.0069667,1.5315,-3.5464,-1.3492,-31.407,-0.68673,18.309,-0.23734,-17.586,0.002881,0.0015522,0.0042013,-0.99701,0.0025872,0.0042259,-0.0012688,1.9748,-5.3143,0.90604,-31.073,-0.99344,18.173,-0.27858,-17.666
44.1,0.0036773,-0.0083038,0.0062757,-1.0025,-0.00057651,0.0013777,-0.0078917,1.2038,-3.9892,-0.56209,-31.918,0.038666,18.41,0.61805,-17.811,0.013338,-0.017777,-0.0038467,-1.0066,-0.0024342,-0.0060352,0.0036201,-0.82974,-4.9163,-2.0779,-30.911,-0.92909,17.934,-1.9274,-18.724
44.2,0.0013773,0.01698,-0.0030565,-0.99773,-0.0028892,-0.0023339,-1.4949e-06,1.7343,-3.7584,0.44213,-28.297,1.3191,18.352,0.81013,-16.453,0.00037876,0.013642,-0.0034674,-1.0108,-0.0076973,0.0018369,-0.0011313,0.33577,-7.0015,0.19897,-32.804,0.87235,18.599,-0.20773,-19.682
44.3,-0.002057,-0.0066477,0.017915,-0.99398,0.0036489,0.0043905,-0.0054178,-1.421,-4.1726,-1.0026,-30.904,-0.16102,17.769,1.6855,-16.342,-0.0068163,0.0092012,-0.0039214,-0.99556,0.0022834,-0.0029664,-0.011829,0.56592,-6.4042,-0.27577,-31.971,-2.421,17.122,1.2136,-17.923
44.4,-0.0066806,0.0077351,-0.0060338,-0.98385,-0.0027756,0.0043412,-0.0056527,-1.2282,-4.3655,-1.9763,-29.264,0.44719,16.831,0.3535,-17.739,0.0016961,0.0074817,0.00075183,-0.99258,0.007096,0.0044731,-0.0084552,-0.12034,-6.0729,2.0629,-31.942,-0.9796,21.007,-1.8317,-17.602
44.5,-0.003485,0.013518,0.013377,-0.99806,0.0035162,0.0030668,-0.0060435,0.59352,-5.5837,2.0742,-29.83,0.32774,17.678,0.18851,-15.734,-0.0018214,0.010686,0.0084417,-0.99572,0.0096331,0.013327,0.0090681,0.92212,-3.8454,0.16483,-30.29,0.56464,18.109,-0.30155,-17.938
44.6,-0.0028354,0.0010137,0.016166,-1.0106,0.0074185,0.0032985,0.0041444,0.43024,-4.5545,0.93683,-30.181,1.1223,18.284,-3.132,-17.279,-2.1317e-05,-0.0031446,0.00078448,-0.98891,-0.0058043,0.0053887,0.0070894,-0.084493,-5.0388,0.70132,-30.54,-0.092831,18.659,-0.62887,-19.386
44.7,-0.0068693,-0.0066216,-0.011807,-1.002,0.00032628,-0.0039598,0.013053,1.8846,-5.4741,-2.0634,-28.266,1.5853,18.428,-0.91137,-17.913,0.0067338,-0.0075363,0.0035799,-0.99088,-1.1509e-05,-0.0060814,-0.0037884,-2.3734,-5.1597,-0.43228,-32.24,-1.3258,18.896,0.50805,-19.729
44.8,-0.0070985,-0.0029202,-0.0006873,-1.0051,0.0061134,0.00321,0.0029829,-1.6785,-2.8713,0.5704,-29.53,-0.80336,17.995,0.7111,-18.596,-0.0026102,0.0093795,-0.00033585,-0.9919,0.0034571,-0.0037466,-0.00074897,-0.19792,-6.3529,0.52391,-32.007,0.58899,19.803,0.6528,-18.329
44.9,-0.01349,0.0067845,-0.0068409,-1.0075,-0.00035489,0.014022,-0.00085541,0.47567,-4.797,-0.21419,-31.583,1.655,18.685,1.519,-16.774,0.012754,0.0017393,0.00015408,-1.0202,0.0082341,0.0079101,0.0018637,0.54678,-5.6637,-0.36542,-32.453,-2.0449,18.148,-0.75658,-19.529
45,-0.0036739,0.002039,-0.0015857,-0.9961,-2.8594e-06,0.0067942,0.00024471,0.78869,-4.1193,0.35511,-30.086,1.015,17.082,0.69566,-17.379,-0.0079047,0.0068907,-0.00020265,-0.99537,0.0056694,-0.00083678,-0.0029291,0.63083,-7.0112,0.13994,-32.001,-1.4656,20.034,0.66717,-17.618
45.1,-0.005511,0.0054888,-0.00824,-1.0001,-0.0036639,0.0043059,0.0036155,0.47995,-5.216,-1.6544,-31.215,-2.3269,17.974,-0.56006,-19.098,0.0097115,0.010642,0.0081358,-1.0003,-0.0053149,0.0066915,0.0065659,2.1175,-4.4491,0.55569,-32.036,-0.28813,19.371,0.68594,-19.841
45.2,-0.0052143,-0.0020315,0.013605,-1.0002,-0.00027942,0.0035811,-9.2161e-05,1.0477,-4.1927,1.5915,-32.466,-0.44503,16.017,0.30856,-17.361,0.0020646,-0.011657,-0.0023211,-1.0091,-0.00010647,0.00073762,0.0019843,-1.1832,-4.545,-2.1118,-33.336,-0.086142,17.896,0.38379,-19.089
45.3,-0.0035548,0.025185,0.0047684,-1.0016,0.0026574,0.0034541,-0.0018676,-0.11984,-4.6359,0.18019,-29.573,0.66232,17.968,1.5731,-15.25,-0.0056678,-0.011602,0.0032317,-1.0064,-0.00076848,0.0047484,0.0067372,-0.38172,-5.6644,-0.14213,-31.133,0.40832,18.899,0.48519,-18.35
45.4,-0.0062108,-0.012122,0.013997,-0.99933,-0.0073332,0.002572,3.3866e-05,1.7738,-3.056,-0.34802,-30.476,0.084507,17.349,-2.0719,-17.766,-0.021017,-0.0022161,-0.010111,-1.0029,0.00039341,0.0021675,0.0064356,-1.1095,-6.2588,-2.084,-32.413,0.63234,18.671,-1.1996,-16.866
45.5,0.010362,0.0092826,0.021427,-0.99038,0.0016143,-0.0078078,-0.00094907,0.4584,-5.5127,-1.1307,-28.637,-0.3805,18.986,-0.99211,-16.091,-0.014801,-0.0051363,-0.0033565,-0.99546,-0.0020571,0.0039044,0.00074134,0.026151,-6.2039,-1.1991,-33.22,-1.1882,19.714,-0.83454,-18.98
45.6,0.0097125,0.011011,-0.0052142,-0.9775,-0.0064874,-0.00073038,0.0032868,-0.044638,-4.0622,-0.38475,-30.781,2.0671,17.666,-1.5499,-18.855,0.0014031,-0.014772,0.015511,-0.99386,0.0015769,-0.008812,-0.00092536,0.85275,-6.5483,0.018327,-33.334,-0.33895,18.26,0.43939,-19.722
45.7,0.017069,0.013954,-0.006011,-0.99208,-0.00015816,0.003092,0.0027303,0.48017,-4.1506,-0.33344,-31.173,1.7902,15.762,0.83141,-17.184,-0.00051902,-0.012773,0.0051893,-0.99199,-0.00022779,-0.0030629,-0.0035908,0.37112,-5.0692,-0.23752,-32.019,0.5162,18.771,0.14633,-17.656
45.8,0.020201,-0.010404,-0.012305,-1.0115,0.0046937,-0.0074708,0.0028287,-1.1453,-5.4422,0.74039,-32.061,-0.48943,17.14,1.595,-17.387,-0.005803,0.012879,-0.0071585,-1.0082,0.0052713,-0.0010299,0.0021093,-0.39043,-4.8356,-1.1575,-30.413,1.8553,19.31,0.36851,-18.161
45.9,-0.00089692,-0.0025608,-0.012267,-0.99025,0.0023658,0.0028202,0.0016,0.328,-5.2179,1.4629,-32.109,0.49408,18.648,-0.54261,-14.503,0.0028112,0.010463,0.0053391,-0.99011,0.0080705,0.0046783,0.0048263,-1.237,-6.8201,-0.94196,-32.702,0.89777,18.293,0.9776,-19.075
46,0.015348,0.0017143,-0.016295,-0.99172,-0.00094426,-0.0037272,0.0011951,-1.1259,-3.7926,-0.9607,-32.222,-0.79271,16.423,-1.7596,-16.941,-0.0043356,0.0016492,-0.0028625,-1.0075,0.0015522,-0.0013117,-0.0034015,0.58243,-4.533,-1.1897,-31.854,-1.5686,18.636,0.051135,-19.483
46.1,0.0029899,-0.0043163,-0.012624,-1.0092,-0.005557,0.0061064,0.0019425,1.2274,-2.1045,0.41207,-29.269,-0.68312,16.08,-0.62595,-16.273,-0.0078672,0.0058459,-0.010649,-1.0087,0.0057847,-0.0071076,0.0079654,1.8248,-5.9775,0.033217,-31.492,-0.2215,18.836,-0.45805,-18.766
46.2,0.0004911,0.0064357,-0.00095655,-1.0096,-0.0025989,-0.010032,0.0006193,-3.1469,-4.6331,-2.2868,-30.227,-2.1076,17.542,3.464,-15.652,-0.017898,-0.001604,-0.0082094,-0.99749,0.0013347,0.0012102,-0.00098846,0.088581,-5.4828,-0.5368,-31.378,1.1127,19.112,-2.7338,-19.387
46.3,-0.0071479,0.0037708,-0.0043399,-0.99512,-0.0035839,0.0042475,-6.5013e-05,2.2874,-5.538,-0.79812,-30.246,0.46223,15.897,0.25439,-16.655,-0.004087,-0.0019119,0.026616,-0.99928,-8.109e-05,0.00044915,-0.0015608,-1.2158,-6.3062,-0.43175,-30.216,-1.4088,17.648,1.1906,-18.627
46.4,0.00045537,-0.0056718,0.0010025,-1.0206,0.0025863,0.0023531,-0.0027371,2.41,-5.5363,-0.60648,-32.99,0.56971,18.432,-0.72904,-16.742,-0.011979,-0.0095883,-0.0079376,-0.9884,0.0018414,0.0049394,-0.00056102,0.1897,-6.1447,0.97596,-29.923,-0.095426,18.327,0.48543,-17.489
46.5,0.015529,-0.0060766,0.0048294,-1.0114,-0.0031415,-0.010488,-0.0079576,1.2172,-4.1819,0.96489,-30.441,-0.38651,19.111,1.7293,-17.306,0.016394,-0.0067746,0.002274,-0.99214,-0.0022834,0.0037199,-0.0053468,-0.44995,-5.3927,-1.1366,-33.415,1.5567,18.694,1.4583,-17.61
46.6,0.0093295,0.00021865,-0.014357,-0.9928,0.0038729,0.0067598,-0.0017842,-0.91508,-2.6578,0.2457,-30.075,0.43327,17.911,0.62368,-15.192,-0.0099439,0.010513,-0.003404,-0.98626,0.0042785,-0.0025409,0.00065341,0.1416,-6.3335,0.8256,-31.11,-2.0843,18.15,-1.3884,-18.445
46.7,0.003565,-0.011988,-0.0030904,-1.0053,0.0033272,-0.0031524,0.00054844,-1.9818,-3.4247,-0.34646,-29.345,2.1646,17.783,0.98608,-15.796,-2.4191e-05,0.0019766,0.011325,-1.0059,-0.001031,0.00014439,0.0011286,0.30044,-5.1281,-0.099355,-31.526,-1.5785,18.187,-0.99632,-19.75
46.8,0.00089474,0.01167,0.0068819,-0.99588,-0.004313,0.0024116,-0.0066355,-1.2271,-3.8897,-2.2332,-28.783,-0.53862,15.624,1.21,-15.904,-0.0053557,-0.0024861,0.0021346,-0.99515,-0.0055458,0.001871,-0.0008287,-0.019207,-4.6878,0.40497,-30.616,-0.64315,20.05,1.1184,-18.005
46.9,-0.005149,-0.010397,0.013074,-1.0047,-0.00044509,-0.0046262,0.0053322,-0.72311,-4.5045,-0.94824,-34.055,-1.5858,18.32,-0.74358,-15.522,-0.010324,-0.0093876,0.0046649,-0.9809,-0.0039922,-0.00091133,-0.0036527,-0.56682,-5.2406,0.79208,-33.445,-0.032027,17.5,-2.0626,-19.198
47,-0.0069197,-0.014331,0.0022328,-1.0114,-0.0016875,-0.00708,0.0065025,0.5138,-4.4873,-0.61319,-30.338,-0.6106,17.8,-1.3226,-16.953,0.0064086,-0.0067767,-0.0068149,-1.0017,0.00075018,0.0035579,-0.01645,-0.32289,-6.1745,1.2093,-31.201,0.041481,19.571,0.59108,-19.36
47.1,-0.00041255,-0.019675,0.00013071,-0.99101,-0.0048169,-0.008874,0.0063317,-0.49133,-3.6281,0.44443,-30.788,-1.0439,17.824,-0.44051,-18.077,0.0063162,-0.0039542,0.0035545,-0.99154,-0.0048318,0.0048678,-0.0049165,-0.80334,-5.7745,-0.42458,-33.229,1.0857,17.811,-1.5735,-18.859
47.2,-0.0020904,-0.0079,-0.003077,-1.0067,0.00075467,-0.0028081,-0.0039986,0.29349,-3.6836,0.47746,-31.18,-0.016914,15.975,-1.2363,-16.299,0.0014105,-0.0064347,-0.0086317,-1.008,0.0045418,0.0076795,-0.001209,1.9283,-4.4385,1.1678,-32.545,0.48269,19.376,-1.1626,-17.472
47.3,0.010175,-0.012899,0.0033662,-0.99355,-0.0039404,0.0080622,0.00085258,-1.9619,-5.1624,-1.4219,-32.533,-1.4056,17.805,1.5816,-14.463,0.0081952,0.011119,-0.0088141,-1.0052,0.001355,0.0024259,-0.00022881,0.94337,-5.9885,-0.51066,-32.867,1.076,18.665,0.2988,-18.604
47.4,0.017399,-0.005314,0.0014407,-0.98879,0.0074324,0.00073313,0.0036602,-0.066071,-4.9076,-1.8168,-28.882,0.58087,17.632,0.66361,-15.037,-0.00070563,-0.0061811,-0.0070349,-0.99291,-0.011146,-0.0084184,0.0011119,0.8166,-3.002,-1.8246,-31.909,1.8775,17.139,2.4,-19.809
47.5,-0.0052351,-0.00028294,-0.012161,-0.98615,0.0032678,0.0055853,-0.0012594,-0.062241,-3.3318,0.71853,-31.153,-0.024619,16.309,-0.12726,-15.854,-0.0017422,0.0074139,0.012638,-0.98264,-0.0042005,0.0016415,-0.0056233,-0.14528,-4.4803,0.53385,-32.236,-0.22702,18.792,0.84254,-16.051
47.6,-0.0031924,-0.015695,0.005359,-1.0059,0.0052185,-0.0051953,-0.0018315,2.5549,-4.9348,0.25974,-30.37,-1.2923,18.132,-1.8469,-14.531,0.010443,0.0013716,0.0016102,-1.0266,0.0045374,0.0036367,-0.0029697,-0.66932,-4.0569,1.5087,-31.925,-0.44514,19.835,-0.23756,-17.25
47.7,-0.0034689,-0.0017295,0.011844,-1.0094,0.0012892,0.0055005,-0.0036877,-0.37912,-5.0463,-1.2509,-30.224,0.22037,16.183,-1.1545,-18.341,0.0053874,0.0072141,-0.0041159,-1.0075,-0.00032688,-0.0046764,-0.0041942,0.74345,-6.8773,1.935,-33.455,-2.2469,20.62,-0.34077,-17.429
47.8,-0.0026483,8.2456e-05,-0.0022766,-0.99005,-0.0056868,-0.0037529,-0.0015248,0.042662,-4.1376,-1.0397,-32.475,1.6701,18.241,0.3234,-15.962,-0.00014288,-0.0039842,-0.018459,-0.97932,-0.00018672,-0.0042734,0.0042343,-0.82501,-3.5328,-0.40746,-32.049,0.50414,18.202,0.2083,-19.565
47.9,-0.017898,0.0050669,-0.0079425,-1.0106,0.0027495,0.0018235,-0.001863,-0.38264,-3.1679,1.1088,-31.784,1.6838,17.416,-2.4303,-16.062,-0.0048909,-0.002178,-0.0014501,-1.007,-0.0082223,-0.0029062,-3.8543e-05,-1.5907,-3.5169,-0.62689,-31.495,-0.9102,17.058,-1.1275,-17.676
48,-0.0085324,-9.5834e-05,0.00096421,-0.99388,4.6168e-05,-0.0069026,-0.0033988,-0.64433,-4.4484,-0.25839,-31.52,0.36815,18.437,-1.7843,-16.143,0.0050182,8.1418e-05,-0.013126,-0.99889,-0.0075251,-0.00090273,-0.009922,0.24693,-5.6231,-0.49249,-32.558,1.5247,18.693,0.01647,-18.454
48.1,0.00053183,0.0057028,-0.020803,-1.0024,0.0016363,0.0071519,0.0034897,0.13831,-4.1794,1.5138,-31.514,0.35131,18.289,0.56636,-16.058,-0.0060811,0.016082,0.0035232,-0.98886,-0.010718,-0.0053155,-0.0043001,-0.68612,-4.3319,1.3666,-32.356,1.7184,18.395,-1.8476,-19.313
48.2,-0.0073725,0.0018421,-0.004871,-1.0153,-0.00057557,0.0014546,-0.00097996,0.75232,-5.1363,0.080176,-30.729,0.31904,17.036,0.44126,-14.466,-0.010381,-0.0025971,-0.0044443,-1.0017,0.00023274,-0.0057169,-0.0032795,1.1912,-6.9366,1.084,-33.515,1.0207,20.344,-0.02917,-17.624
48.3,0.0021245,0.0042067,-0.0040452,-1.0067,0.0043662,-0.0001988,0.006316,-0.093055,-6.1817,-1.3311,-33.329,0.56888,18.903,-0.99867,-16.145,0.020816,0.0012823,-0.003626,-1.0096,-0.002065,0.00028534,-0.00019357,-0.89483,-4.1114,-0.48955,-34.421,0.91922,17.759,-1.0569,-20.052
48.4,0.0059837,-0.014009,0.0053305,-1.0142,-0.0049615,0.0057616,0.00090742,0.89032,-4.9977,1.1324,-32.281,-1.4166,17.629,0.16351,-15.515,-0.021246,0.0038482,-0.013361,-1.003,0.0002249,0.0025274,0.0074805,0.98682,-4.4046,-1.0948,-31.862,2.2002,20.259,0.79162,-19.821
48.5,-0.0032091,-0.0021913,-0.012562,-1.0107,-0.0038008,0.0023782,0.0077184,-0.28648,-4.3708,-0.64122,-32.568,1.2688,16.405,0.80062,-16.764,-0.010642,-0.014044,0.00074444,-1.0029,-0.0047201,0.0038019,-0.0019921,0.14293,-3.6927,0.63209,-31.059,1.7065,18.709,1.3104,-17.898
48.6,0.0045772,0.0074655,-0.0024815,-1.0063,0.010356,-0.0030082,-0.0077576,-0.64145,-7.0671,-0.12921,-31.178,-0.10548,16.694,-0.77163,-18.629,0.0052399,-0.0028814,0.0039979,-1.0059,0.00015926,0.004802,0.0039998,-2.0702,-5.8598,0.48668,-33.619,1.0133,19.272,-2.8895,-19.191
48.7,0.011841,-0.0069983,0.0023891,-0.99474,0.0034975,0.0074943,-0.0049464,0.27147,-6.4142,1.0401,-32.929,-2.4199,16.594,2.2441,-16.341,-0.0025776,-0.021609,0.0057842,-1.0114,-0.00097188,0.0028356,-0.0036635,1.0078,-6.7466,0.61928,-32.705,0.4483,18.768,0.41765,-18.543
48.8,-0.0010952,-0.0097401,-0.00080716,-0.99694,-0.0099045,-0.00093767,0.00092054,1.352,-2.5004,2.0326,-31.71,0.68933,17.243,0.83576,-16.049,0.0082049,0.0013463,0.0021077,-0.99838,0.003364,-0.0031197,0.004254,-0.18279,-5.659,-0.38743,-32.866,-0.73108,18.706,-0.35857,-19.276
48.9,-0.0048934,-0.015369,-0.011436,-1.0019,0.00095843,-0.0074058,-0.0036451,2.1231,-3.9545,0.34478,-31.65,-1.4758,16.7,0.12731,-17.578,-0.019399,0.01184,0.0020616,-0.99017,0.0060079,-0.0014821,0.0067218,1.2088,-5.4415,0.19112,-33.654,-0.50226,19.204,0.34072,-19.202
49,0.0008296,-0.0032749,0.0034512,-1.0045,0.004105,-0.0030746,-0.00069932,-0.10105,-5.1956,-0.7613,-32.004,0.27542,16.854,-0.83068,-15.832,0.0099329,-0.024895,-0.0033669,-1.0016,-0.0030787,0.0009092,-0.0037006,-0.3257,-4.6746,-2.1336,-33.651,2.1629,17.725,0.53636,-17.855
49.1,-0.00115,0.0074284,0.026444,-1.0089,-0.0016868,0.0019045,0.001326,-2.1847,-4.4754,0.24592,-32.733,1.7553,18.325,1.734,-17.644,0.011775,-0.013281,0.005153,-0.98366,0.013832,0.007138,-0.0025198,0.085924,-5.7771,1.5399,-32.501,1.0121,19.264,0.78549,-17.228
49.2,0.0011151,-0.0015024,0.0012618,-1.0025,-0.0089606,-0.001323,2.4985e-05,-0.95187,-4.6646,-0.59308,-32.415,0.3188,16.13,-0.75917,-16.233,-0.010621,-0.020181,0.020083,-0.98522,-0.0010274,-0.0066815,-0.0051963,-0.029569,-5.6506,0.25316,-32.063,-1.038,19.098,-0.64382,-18.145
49.3,0.0040963,-0.011908,-0.0063527,-0.98799,-0.0023885,0.0037988,-0.0014018,0.27098,-4.8071,0.89806,-31.604,-0.28501,18.456,-2.1773,-18.005,0.014906,-0.0030242,-0.018678,-0.99909,0.0094146,-0.0042068,0.00094759,1.3819,-4.4627,-0.22424,-31.426,0.3454,16.415,-2.2999,-17.628
49.4,0.0056013,0.00388,0.0013779,-0.99812,0.0017448,0.005441,0.0020027,-0.090186,-5.3391,0.73627,-30.132,-1.4194,17.97,-0.97896,-16.978,-0.010798,-0.0054548,0.00036535,-1.0033,-0.0018066,0.0132,-0.007102,0.10238,-5.7275,-0.67698,-32.387,0.13255,20.659,0.3231,-17.21
49.5,-0.02198,0.0052513,0.0070377,-1.0049,-0.0061547,0.0056236,0.0035166,0.34895,-5.9323,0.39972,-32.911,0.20168,17.204,-1.5365,-17.473,0.0030939,-0.00013387,-0.012079,-1.0004,-0.010115,-0.0013206,-0.00011675,-1.0551,-4.6678,-1.2382,-31.497,1.663,20.188,1.2959,-17.701
49.6,0.0042103,-0.010604,0.0093448,-1.0066,-0.0053391,-0.0069031,-0.00041613,1.4157,-3.7472,0.42283,-31.704,0.63072,17.319,0.95824,-16.469,-0.0066608,0.0069611,0.0025765,-1.0055,-0.0017702,0.0016401,-0.0055857,-3.016,-5.1396,-0.5377,-34.585,-0.3667,19.81,0.15678,-17.103
49.7,-0.0057944,0.0077746,0.0058605,-0.97845,0.004953,-0.0038577,-0.00089548,-1.5693,-6.0588,0.22877,-32.618,1.0344,18.437,-0.43564,-16.033,-0.010721,0.011278,0.0087548,-1.0019,-0.0094918,-0.0031956,0.002623,-0.096044,-6.1205,0.89482,-33.464,-0.84447,20.354,-0.87836,-17.205
49.8,-0.010651,0.00038618,-0.010786,-1.0042,0.0099941,-0.00090439,-0.0089503,1.1045,-2.7145,-0.50972,-32.007,0.90803,17.217,-0.71089,-15.596,-0.0090415,0.0083336,0.0065471,-0.99512,-0.0023734,0.0022838,0.0015642,1.8476,-6.3509,0.40406,-32.657,0.28007,17.449,-0.39186,-20.84
49.9,-0.0029002,0.0032655,-0.014111,-1.0034,-0.0031148,0.00070031,-0.00099114,0.46798,-3.1756,0.049962,-32.687,0.92209,17.409,-2.5856,-16.649,0.0012355,-0.013718,0.0011832,-1.0044,-0.0041064,-0.004707,0.00078387,2.2099,-5.3939,1.1469,-30.925,1.1716,19.147,2.4959,-17.643
50,0.0013117,0.0065442,-0.0034755,-0.99896,-0.0010864,-0.0031269,0.0012455,-2.1686,-4.6677,-0.61414,-31.278,-0.63808,17.295,0.25082,-15.809,0.019371,-0.00012695,-0.011062,-1.0088,0.0046884,-0.0011793,0.0059033,-0.32015,-2.9617,-0.11951,-32.726,0.24915,17.475,0.1352,-18.392
50.1,0.0046471,0.015228,-0.014586,-1.0055,-0.0081569,-0.0013053,-0.00083841,-2.2245,-5.5316,-1.084,-30.728,2.2381,20.325,-0.15256,-16.327,0.0083966,0.0038244,-0.013319,-0.98584,0.011502,0.0063135,0.011914,-0.42679,-4.6273,-0.30447,-35.585,1.0032,19.641,1.1471,-18.773
50.2,-0.0023504,-0.02214,0.0046989,-1.0116,-0.00049022,0.0043994,0.0030263,1.0077,-5.0423,-0.85031,-32.485,0.73433,17.287,0.2121,-16.437,0.012466,-0.011958,-0.023272,-0.99353,0.0018707,-0.0031028,-0.0085129,0.97748,-4.5871,-1.9447,-33.272,-0.82527,21.742,-1.0127,-17.063
50.3,0.0015247,-0.0025017,0.0082612,-0.9963,-0.0036347,-0.0015153,0.0011195,0.63249,-3.4435,-1.7946,-31.538,-0.10312,18.279,0.65066,-17.355,0.0021004,-0.0099372,-4.9183e-05,-0.99763,0.0035565,0.0011957,-0.0038061,3.5622,-5.9726,-0.021133,-32.415,-2.1824,18.099,-2.417,-19.404
50.4,-0.016458,0.00013122,0.0065629,-1.0137,-0.0070046,0.0034778,-0.0015183,-0.48514,-3.8133,-0.02668,-32.085,-1.9566,17.311,-0.54512,-18.464,-0.010888,-0.0054831,0.010349,-0.99145,0.00091284,0.0036986,0.0036463,0.25417,-5.5781,0.95713,-35.147,-0.10635,18.721,0.08247,-17.488
50.5,0.0024152,0.0054505,0.012577,-1.0098,-0.0020473,-0.002385,0.0049575,-1.8614,-3.6572,1.362,-33.36,-0.30343,18.183,0.4742,-20.06,-0.022288,0.0014146,0.0063627,-0.99199,-0.0033446,-0.0026637,-0.00065777,-0.44949,-5.0209,0.66281,-33.377,-1.1294,18.616,0.6053,-19.326
50.6,0.0041658,0.0034085,0.002644,-0.98254,-0.0048164,0.00070037,0.0076638,0.23579,-3.6642,0.073704,-34.963,1.5331,17.855,-1.1175,-16.528,0.00098589,0.00034405,0.015456,-1.0015,0.0027559,-0.005461,0.0036473,-1.8583,-5.9837,-1.3267,-33.657,0.046117,19.034,1.4689,-20.173
50.7,0.027635,0.0029339,-0.0075389,-1.0119,0.0019505,-0.002124,0.0081149,-1.8003,-4.435,-1.0114,-34.179,1.303,19.141,0.81979,-16.461,-0.0062966,-0.00027902,0.00091237,-1.0129,0.0011768,-0.0025792,-0.0045126,-0.072364,-7.6587,0.87887,-34.878,0.4466,18.339,0.7299,-18.17
50.8,0.020426,0.0077465,0.025967,-1.0182,0.0018565,0.0019519,-0.007616,-2.3224,-3.2351,-0.54603,-33.047,1.0602,17.72,0.63447,-16.084,0.01452,-0.010263,-0.012775,-0.98649,-0.0044723,0.0029399,-0.0048525,-0.56743,-6.146,1.0395,-33.853,0.085788,19.218,-2.5635,-18.631
50.9,0.00023764,0.0076542,0.011357,-0.99487,-0.0072476,0.00049267,0.00034482,1.995,-5.6861,1.398,-31.738,-0.60142,17.359,0.24718,-15.903,0.0018105,-0.00014153,0.020254,-0.99496,-0.0034888,-0.0044586,-0.0053533,2.2243,-4.1457,-0.099014,-34.122,-1.2342,19.584,-0.93127,-20.221
51,-0.011153,0.0036892,0.02062,-1.0052,-0.00080918,-0.0018648,0.00012395,-0.057876,-3.5311,0.68503,-31.701,-1.0356,19.476,-0.53417,-17.803,-0.010665,0.00082289,-0.0038057,-0.99117,-0.013724,-0.0017089,0.0047579,0.72873,-6.1033,0.50343,-32.993,1.2925,20.005,0.21525,-18.684
51.1,0.0098552,-0.0045996,-0.007292,-1.0103,-0.0098702,-0.0035206,-0.00046644,0.55491,-2.8704,0.92301,-31.013,2.6252,16.672,0.083555,-17.287,-8.845e-06,0.0053061,0.0010075,-0.99057,0.0029804,0.008332,0.001094,-1.6247,-4.6262,-0.74441,-32.624,-0.30235,17.39,2.7352,-16.729
51.2,0.012301,0.0060712,-0.012817,-0.98663,-0.0066535,-0.0093128,-0.0043154,-0.053086,-4.0703,-1.3162,-32.729,0.77096,18.103,0.70546,-16.392,0.0017789,0.0085063,0.005309,-1.0003,-0.0086254,-0.00010759,0.0016567,-1.186,-4.2438,0.26314,-32.579,0.40377,19.992,0.23202,-17.578
51.3,-0.0095826,-0.015843,0.0060776,-1.0137,0.0048224,0.0030283,-0.0022376,-2.8759,-3.5398,-2.0326,-32.54,1.0504,17.433,2.6994,-18.018,0.0078962,0.0082565,-0.011637,-1.0125,-0.0046099,0.002496,0.0044572,2.3248,-3.8521,0.30927,-35.29,-1.7455,20.864,-0.55404,-17.959
51.4,0.00019256,0.0014755,0.020146,-1.0005,-0.00046765,0.0068206,0.0010005,-1.2945,-5.4624,0.95888,-33.411,-1.0873,19.277,1.259,-18.429,0.00072153,0.0031273,-0.0046624,-1.0043,-0.0026102,7.3089e-05,-0.0020306,0.43769,-5.1781,0.94376,-32.977,-2.4035,18.962,0.24359,-16.657
51.5,-0.007439,0.0062286,-0.0036455,-1.0048,0.0010335,0.0082788,-0.0012614,1.8998,-2.6342,0.30522,-34.26,-1.2342,19.569,0.6993,-17.833,-0.011617,0.0063842,0.00030337,-1.0001,0.0041537,-0.0086849,-0.0028214,1.0838,-4.2661,-0.27927,-33.583,0.84616,18.154,-0.79352,-18.392
51.6,0.0074843,0.022487,0.0022391,-0.99978,-0.00083183,0.0024532,-0.0023002,0.43047,-4.7748,1.1026,-31.39,-1.9376,17.699,-1.8642,-16.707,-0.0084268,0.014672,-0.0083983,-1.0059,-0.0018795,-0.010462,0.0021682,-0.076918,-5.3891,-0.096005,-31.509,-0.16665,18.392,0.2175,-21.029
51.7,0.0123,-0.0092765,0.0080748,-0.99576,-0.00033721,-0.0016133,0.0077329,0.20152,-3.4859,-1.0039,-32.321,-0.14579,18.431,1.2535,-17.002,-0.0034673,0.019954,-0.011512,-1.0021,0.0041261,-0.0076665,0.00308,-1.3478,-5.5039,-0.76348,-34.493,0.49086,17.505,0.55578,-17.971
51.8,-0.0022262,-0.022576,-0.022778,-1.0096,0.0025935,-0.00034492,0.00034954,0.66517,-3.4571,-1.3413,-33.676,1.4405,19.029,1.4095,-17.508,0.0014944,-0.016243,-0.0022191,-1.0157,0.010775,0.0045765,-0.008184,-0.43472,-4.5584,-0.24616,-33.682,1.3174,19.571,1.2629,-18.85
51.9,-0.0029982,0.0068395,-0.00010111,-1.0191,0.018829,0.002409,0.0013137,1.0998,-4.9025,-0.22945,-32.413,-0.10377,18.171,1.5356,-16.351,0.016219,-0.0041558,0.0098672,-0.98657,0.0028449,-0.0023702,-0.0048834,-0.0024588,-6.1613,0.58631,-32.983,2.1328,20.062,-0.17806,-17.667
52,-0.022417,0.019746,0.0069747,-1.004,0.0018154,0.0030226,0.0068405,-0.65451,-3.5497,0.47134,-32.459,2.2051,19.174,-0.41753,-15.619,0.022495,-0.015012,-0.0048078,-1.0017,-0.0014208,0.0033547,0.0050199,0.79634,-5.0703,1.4484,-35.449,-0.94301,20.416,-2.0334,-17.591
52.1,0.02255,-0.00064436,-0.0016,-0.99414,-0.0018101,-0.0044907,0.004413,1.0141,-5.8646,0.59373,-34.921,-0.086632,20.042,-0.80083,-16.193,0.0066091,-0.0067134,0.0096682,-0.98839,-0.0021281,0.0063191,-0.0021115,1.2545,-4.492,-0.43127,-32.248,-0.54782,19.568,-0.66195,-17.951
52.2,0.0099302,0.0042725,-0.012049,-1.0057,0.0055435,0.0057762,-0.0049615,0.60686,-4.3543,0.29329,-32.462,0.50339,20.993,0.49191,-16.366,-0.025758,-0.0077403,-0.0045704,-0.99407,-0.0070962,0.00078322,0.0026371,0.93926,-5.4737,-0.32785,-33.03,2.2289,19.862,0.93616,-19.037
52.3,-0.0017311,-0.011352,-0.00030789,-1.0124,0.0055827,-0.0056291,-0.006283,-1.3473,-5.265,-1.5045,-34.197,0.064275,20.064,2.3974,-17.771,0.00030372,0.0030673,0.001364,-0.98746,-0.0027293,0.0054357,-0.0029622,-1.3067,-5.9018,0.077652,-34.539,1.4068,20.48,0.45875,-18.079
52.4,-0.0014425,0.0084812,-0.0065335,-1.0064,-0.00090725,0.005088,0.0068282,-1.1798,-5.162,-0.77511,-34.536,1.1377,17.094,-0.27197,-17.313,0.018727,-0.0090533,-0.0015538,-1.0175,0.0055372,-0.0020499,-0.0059588,0.87434,-3.8904,0.17402,-33.926,-0.16045,19.414,1.5595,-18.843
52.5,-0.0020637,0.011092,-0.017297,-1.0006,0.0033669,0.0039667,0.0017412,1.4136,-6.0437,-1.1585,-34.861,-0.045251,18.448,-0.23307,-15.214,-0.012508,-0.0045935,0.0082883,-0.98622,-0.00025396,-0.0022756,-0.0055385,1.4938,-5.5583,-0.90492,-33.627,-1.1655,19.675,0.28649,-18.171
52.6,0.0042149,-0.016388,0.0034534,-0.97996,0.0095223,0.0036558,-0.0016154,0.31168,-4.6683,0.53068,-32.801,1.1099,18.318,2.0746,-18.45,-0.016486,-0.011543,0.021336,-1.0049,-0.010833,0.004177,0.0042253,1.4938,-5.4151,1.9515,-35.93,-1.7128,17.757,-1.2138,-18.081
52.7,0.012656,0.0064612,0.0042083,-1.016,-0.0036945,-0.0015237,-0.00055025,0.058369,-3.5114,0.49189,-34.148,0.20996,17.387,-1.1755,-16.184,0.0093924,0.010695,-0.00021581,-0.99857,0.006945,-0.012799,-0.0054321,1.0699,-6.3467,-0.31042,-34.664,-0.73365,19.882,0.90687,-17.555
52.8,-0.0049014,-0.0076329,-0.00073232,-0.99494,-0.00028349,0.0014255,-0.0039837,-2.4301,-4.9527,-0.96494,-35.437,1.2424,18.38,-1.1389,-16.797,-0.00090959,0.0098938,0.0039393,-1.0099,-0.0058296,-0.00062202,0.012357,-0.98161,-5.1683,0.25497,-35.966,-0.0012075,18.525,-0.13598,-18.268
52.9,-0.018281,0.01239,-0.0029444,-1.012,-0.00187,0.0069441,-0.0029659,-1.2726,-3.4556,-0.33943,-32.613,1.0259,18.515,0.26706,-15.964,0.0046249,-0.00047249,-0.0094777,-0.98417,-0.0045952,-0.0043794,0.0032028,-1.1594,-4.5196,0.4728,-35.275,1.559,19.234,1.3161,-16.784
53,0.010008,0.00077772,0.0020826,-1.0209,0.0064968,0.00020596,-0.00030785,-1.2002,-2.7477,-1.5746,-34.842,0.47891,18.585,0.033338,-15.451,0.001692,0.00052678,0.0029931,-1.0071,0.0052789,0.0040473,-0.0055093,-0.13498,-4.6776,-0.41261,-35.009,-0.51801,20.505,-1.1695,-18.208
53.1,-0.0026583,-0.0053471,-0.011302,-0.99139,-0.0018523,0.0057127,0.013628,-0.62463,-3.6838,-0.7744,-34.993,-0.73248,19.999,-0.77014,-16.737,0.012899,0.022831,0.0086513,-1.0053,0.0014302,-0.0045105,0.0059013,1.321,-4.963,1.9438,-34.258,-1.2192,18.357,-1.9367,-17.055
53.2,0.015228,0.0080841,-0.0066947,-1.0009,-0.00087797,0.00049022,0.0038265,0.073684,-1.9818,1.8105,-33.157,0.59953,19.212,-0.15476,-16.72,0.0087637,0.0054601,-0.0010845,-0.99791,-0.0064342,-0.0065303,0.0032747,-0.67891,-3.0023,-1.7546,-35.762,0.0067449,18.499,1.164,-14.879
53.3,-0.00013962,-0.013228,-0.0036072,-0.99139,-0.0042005,-0.0020406,0.011388,1.0225,-3.2093,-0.55114,-35.029,0.12,17.169,0.16901,-18.203,-0.010541,-0.012178,0.011726,-0.98279,-0.0032789,-0.0034167,0.0050187,1.0073,-4.6992,-2.6279,-36.385,-0.079845,19.09,-0.0031806,-19.649
53.4,0.0011762,0.0039921,0.0077377,-1.0064,0.0037843,0.00048656,0.00020016,-1.5948,-3.5855,-1.3334,-33.459,1.1025,19.751,0.73891,-16.256,0.0031743,-0.014983,0.019303,-0.99287,-0.0065138,0.0041211,0.0029925,-0.34765,-2.2783,-1.3901,-34.294,0.99823,18.689,1.6352,-20.036
53.5,-0.0069044,-0.01361,0.0071409,-0.98709,-0.0038295,0.0020227,0.0048723,-1.2485,-3.3215,0.14679,-32.92,-0.78058,18.326,-0.60578,-15.337,0.001206,0.005935,-0.0002742,-0.99293,-0.002127,0.0036005,-0.0081342,-1.3455,-4.7069,-0.35206,-33.033,0.24135,20.186,0.54476,-17.789
53.6,0.00023408,-0.010414,0.0086181,-0.98897,0.0023375,-0.0062552,0.0088374,-0.16036,-3.3823,2.3196,-34.338,-0.68196,17.169,-0.37745,-16.236,-0.0036742,-0.0075045,-0.015763,-1.0006,0.010958,-0.0029505,0.0050758,-0.93052,-5.5422,0.19746,-34.109,-0.59402,18.021,-1.1217,-17.609
53.7,-0.0098863,0.0077928,0.00034355,-1.0064,0.003096,-0.0053575,-0.0020737,-1.023,-3.0982,-0.14946,-34.428,-0.53107,18.868,0.04473,-16.225,0.024501,0.00056825,0.0068045,-1.024,-0.00078562,-0.0033895,0.0048318,0.47465,-5.9146,0.85961,-33.746,2.1078,20.974,-2.0655,-20.387
53.8,-0.0009235,-0.012952,0.0017313,-0.99508,0.007704,0.0083556,0.0071885,-0.79413,-5.9125,-0.60643,-33.469,2.3944,16.754,-0.34432,-16.528,-0.0055703,-0.007356,-0.0029084,-0.98742,0.0057516,-0.013906,-0.0066835,-1.9053,-5.2838,-1.4054,-33.704,2.4126,21.415,0.064802,-16.992
53.9,-0.0087488,-0.015409,0.030376,-1.017,0.0084311,-0.0060226,-0.0098205,1.4609,-4.6605,0.29624,-32.797,0.89906,17.785,-0.98253,-17.742,0.010081,0.012699,0.010459,-1.0059,-0.0065247,0.0044458,-0.0012771,0.26999,-4.7355,-1.6343,-34.017,-0.24122,19.375,-0.35862,-17.389
54,-0.0095425,0.0037023,-0.0010305,-1.004,-0.00049083,0.0086241,0.0056304,0.77115,-3.0791,1.0362,-33.443,-0.95697,19.582,-2.1335,-17.762,-0.00078234,-0.0094973,0.013683,-1.0047,0.00070265,-0.0048512,0.010009,-1.3949,-6.2482,0.90017,-33.882,2.3106,19.707,0.77931,-18.863
54.1,0.0030371,0.0080872,-0.0080098,-1.0006,0.0034299,-0.0050287,-0.00068115,0.76556,-4.2283,0.40957,-35.283,-0.49619,17.412,-1.8687,-16.605,-0.010868,-0.019825,-0.0017813,-0.997,-3.2287e-05,0.0036031,-0.0059392,-1.4791,-5.8714,-2.7031,-35.242,-1.7226,19.246,-1.5353,-18.293
54.2,0.0020128,-0.0033611,-0.0078961,-1.0149,-0.0072354,0.0020007,0.0027872,2.0666,-2.1608,0.93816,-34.494,0.39485,18.513,-0.17303,-16.728,0.0014556,-0.015111,-0.014898,-0.98101,-0.0069238,-0.010074,-0.0016838,0.46864,-4.4947,1.732,-34.729,-1.3273,18.803,-1.7452,-17.636
54.3,0.000306,0.0027712,0.0040384,-0.99458,-0.0039762,-0.006933,0.0027293,-1.5235,-2.9829,-0.81139,-33.569,-0.031416,19.838,-0.73163,-16.429,-0.0082364,0.018753,-0.012888,-1.013,0.0045799,-0.003575,0.0015009,-1.4863,-4.0798,0.63889,-34.712,-0.82004,16.974,0.35676,-16.485
54.4,0.0029449,-0.00079204,-0.0038916,-0.99989,0.005536,0.0015493,-0.0071152,0.65158,-6.4517,-0.33356,-33.092,0.89031,17.938,0.97958,-15.407,-0.0025708,-0.023191,-0.001923,-1.0058,-0.0016302,0.0042598,-0.0046949,-1.3395,-5.7633,-2.5284,-34.639,0.76119,19.72,-0.16736,-18.089
54.5,0.020662,0.016099,0.0055757,-0.98304,-0.00052925,0.0013225,-0.012002,1.0082,-3.6805,0.21867,-34.047,-0.45179,20.325,0.16338,-16.468,0.014419,0.013126,-0.0033227,-1.0159,-0.0025379,-0.00036158,-0.0019079,-1.984,-3.6948,-1.1683,-35.104,0.54577,19.255,-0.68849,-20.166
54.6,-0.01238,-0.0049641,-0.0014584,-0.99672,0.0032444,-0.0019729,0.0032057,0.055675,-2.5799,0.76692,-33.252,-0.54623,17.334,0.061811,-16.107,0.0077751,-0.0027544,-0.0057938,-0.98841,-0.0076275,0.0080239,-0.0075152,-2.1375,-6.5704,-1.1169,-35.681,0.85236,21.915,-0.11936,-16.991
54.7,-0.0011787,-0.023833,-0.0021945,-0.98752,-0.0014083,-0.0033736,0.0041818,-1.0173,-3.4738,-1.5062,-34.154,0.12818,18.477,0.53277,-14.321,-0.0079707,-0.013101,-0.0096187,-1.0078,-0.0035712,-0.0022121,0.0054145,0.23294,-4.9989,0.45455,-35.719,-1.1311,21.053,-1.0305,-17.541
54.8,0.012596,-0.0051417,0.008516,-1.0015,-0.0015726,-0.0039718,0.0059159,-1.8379,-4.2202,0.97716,-33.705,0.75886,17.46,0.011614,-14.293,-0.0085063,0.00036464,-0.002164,-1.0142,-0.0075835,0.0097461,-0.0045251,1.5865,-4.1052,1.7031,-32.519,1.5985,20.154,-2.0905,-18.427
54.9,0.0026445,-0.0040336,0.0087383,-0.98072,0.0033752,0.006288,-0.0064459,0.85251,-3.7089,-0.69651,-33.941,-0.54204,18.581,-0.44921,-16.165,-0.010953,-0.018828,-0.0030161,-1.0151,0.0063702,-0.0017104,0.0051214,-1.5025,-5.1659,-0.44799,-33.849,-0.049744,17.701,-0.39674,-18.278
55,-0.0035623,0.01212,-0.0038822,-0.99928,-0.0054016,-0.01138,-0.0040313,2.0489,-2.5076,0.67861,-35.84,0.66717,19.53,1.1536,-15.581,0.0092365,-0.020589,0.00014158,-0.99936,-0.0038432,0.00045535,0.00091819,-1.1125,-3.042,-2.3256,-36.484,2.2025,19.835,-0.74243,-17.977
55.1,-0.0091398,-0.017007,0.011218,-0.99889,0.0028604,0.0011795,-0.0064441,0.92981,-2.6946,-0.38993,-33.243,-1.0818,19.127,-0.20629,-16.02,-0.012736,0.0072373,-0.0048382,-1.0157,-0.010895,-0.0017346,-8.3607e-05,0.99573,-4.503,-1.7254,-35.244,-0.45931,19.008,1.2525,-19.658
55.2,0.0085208,0.0059765,-0.0047686,-0.99964,-0.0061227,-0.0069856,0.00037356,2.8661,-5.0364,1.6687,-34.301,-0.55768,17.651,-1.7957,-17.21,-0.0018092,0.016426,0.0099505,-1.0045,0.011898,-0.0024665,0.0022352,1.3739,-5.6221,0.156,-36.145,-0.24135,19.495,-0.61174,-16.854
55.3,0.0078653,-0.0042768,-0.014379,-1.008,-0.0038662,-0.0076556,0.00264,0.7354,-3.8449,-0.098524,-34.256,0.8149,16.916,0.4552,-16.148,0.0057084,0.000597,-0.021548,-1.0082,-0.0052886,0.003852,-0.0075069,1.8639,-3.3924,-0.68602,-33.959,-0.16901,20.27,-4.0205,-19.051
55.4,-0.008586,0.0023355,0.0026889,-1.0066,-0.00082857,-0.0015383,-0.0042614,-1.6078,-3.5682,-2.496,-33.537,1.0001,18.1,1.3756,-18.854,0.0047627,0.013219,0.011091,-1.022,-0.016708,-0.00068965,0.002625,1.4076,-3.9263,0.96643,-35.952,0.47747,19.639,-1.3341,-18.445
55.5,-0.011236,0.0046053,-0.003326,-1.0103,-0.0013754,-0.0057499,-0.0045268,-0.981,-3.9538,-1.3453,-35.704,-0.30424,16.593,-0.68995,-15.281,-0.023271,0.0053041,-0.0079178,-0.99529,0.0031228,0.0029788,-0.0043885,-1.164,-5.093,-0.81946,-35.637,0.36567,21.079,0.027138,-18.545
55.6,-0.0071619,-0.0056069,-0.02688,-0.99868,0.0013042,-0.0023502,0.0057079,-0.037225,-4.8133,-0.27645,-33.853,0.74553,18.893,-0.39721,-16.715,-0.0039104,-0.0035036,0.0021385,-0.98383,0.00078346,-0.0011105,0.0043687,-0.49321,-3.3266,-2.1818,-33.236,0.17134,18.403,0.23459,-17.786
55.7,-0.0022985,-0.028565,-0.004865,-1.0127,0.0069047,0.0056252,-0.0040513,-0.27987,-3.5806,1.163,-35.281,-0.72773,18.521,-1.2381,-16.61,0.0099165,0.0074318,0.011325,-0.99877,0.00076599,0.0019647,-0.0036478,0.41093,-4.214,1.5529,-36.09,-0.19679,19.047,0.6532,-17.371
55.8,0.004798,-0.01643,0.015312,-0.99388,-0.0050484,-0.0039592,0.00070347,0.36379,-3.7175,1.1193,-33.985,-0.56143,16.138,-2.0508,-18.445,0.0028279,-0.0094871,-0.0094891,-1.0145,0.0022138,-0.0092095,0.0075024,0.4963,-5.0458,0.71281,-35.393,0.39416,20.821,-0.80744,-19.473
55.9,-0.0053609,0.0013073,-0.0088442,-0.99489,0.0021923,-0.0031428,0.0031883,-1.3293,-2.0984,-0.1394,-34.119,1.1309,17.888,-0.60291,-15.891,0.004038,-0.0016713,-0.008107,-1.0226,0.0054404,0.0056603,-0.0058258,0.71686,-3.9084,-0.48605,-35.224,1.4635,20.346,-0.57812,-18.795
56,0.01079,0.00070255,0.0065882,-0.9967,0.011124,-2.9504e-05,-0.0079933,-2.3915,-3.5203,-1.6093,-33.668,1.3136,17.549,0.28576,-16.106,-0.015094,-0.020476,0.018473,-0.99851,0.0038915,0.009407,0.0059907,-2.4614,-3.6123,-0.34616,-32.295,1.3508,22.136,-0.31589,-19.08
56.1,0.0055423,-0.0056778,0.0010159,-1.004,-4.5594e-05,0.0053848,-0.0048396,-0.12818,-3.3072,-2.0135,-34.751,-0.97088,19.296,0.82537,-15.311,-0.0019889,-0.0021232,-0.005008,-1.0164,0.00099905,-0.0022431,0.0030079,-0.67931,-4.0917,-1.4707,-35.869,0.70752,19.965,-0.54156,-16.801
56.2,-0.0020384,-0.0064294,-0.0041262,-1.0082,0.00077968,-0.0013544,-0.0076963,-0.80238,-3.8438,0.65377,-35.481,1.8885,17.978,0.18387,-16.143,0.0031729,0.0020779,-0.00093856,-0.9804,0.0077086,0.008513,-0.003115,0.55016,-3.9947,1.527,-35.949,-0.32308,19.58,-1.2376,-17.756
56.3,0.0056177,0.00109,0.0038304,-0.9808,0.003167,0.0032142,-0.0095763,1.0019,-4.4379,0.83439,-34.577,-0.23206,17.543,-0.74008,-17.119,-0.0013274,0.0008139,0.012292,-1.0082,0.0034359,-0.0060296,8.6763e-05,0.45685,-5.3946,1.5608,-35.032,-2.0181,19.857,-1.1763,-17.889
56.4,-0.00093852,-0.0059716,-0.01023,-0.99761,0.002201,-0.0055329,-0.0045381,0.9308,-4.6396,0.033463,-34.387,1.186,17.438,-0.5814,-18.993,0.003611,-0.0093208,-0.011825,-1.0098,0.0025711,-0.0068659,0.0032384,1.1728,-4.9694,-0.42153,-34.564,-1.2162,20.021,-2.0548,-19.887
56.5,0.0018409,0.009253,-0.0090279,-0.99154,-0.011465,0.0012571,-0.0025124,0.3316,-5.2342,-2.1434,-34.394,4.0911,20.719,1.5849,-16.539,0.00020612,-0.014454,-0.0032247,-1.0061,0.0083736,0.0011321,0.0021104,2.5287,-4.4957,-1.3321,-36.243,1.316,18.77,0.034008,-18.93
56.6,0.0082939,0.017989,-0.0017356,-0.99383,-0.0038978,-0.00091347,-0.0090506,-1.2407,-5.8795,-1.0038,-36.309,1.1802,19.031,1.3121,-15.812,0.0058894,-0.019995,-0.0046486,-0.9883,-0.00040483,-0.0030478,-0.00067206,-0.78536,-3.7915,-0.50139,-36.754,1.0383,19.322,1.2563,-16.216
56.7,0.002466,0.00064684,0.0056891,-0.9985,-0.001494,0.0027651,0.00036849,-0.68655,-5.4872,-0.67392,-35.377,1.195,18.618,0.8157,-16.074,-0.0024244,0.01154,-0.0022796,-0.98687,-0.0050185,0.0035129,0.0017391,1.4982,-3.7409,-1.075,-36.001,0.13817,20.567,0.11918,-18.32
56.8,-0.0067123,0.015593,0.008642,-1.0042,-0.00037467,-0.0016093,0.0026227,0.61029,-3.395,1.2091,-36.149,-0.95657,19.748,-0.73313,-17.369,0.0090956,0.00107,0.0079778,-0.98728,0.0012601,0.00090542,0.0072357,1.9989,-4.8543,0.76892,-37.281,-1.2529,18.627,1.0428,-19.28
56.9,-0.012261,0.0012076,-0.0053284,-1.0153,-0.0062165,0.0059652,-0.00088446,1.7772,-3.1674,-0.082914,-35.506,0.32354,18.907,-0.04697,-16.864,0.0063493,0.0077245,-0.0047042,-1.0138,-0.011092,0.0012013,-0.0054145,0.50162,-4.7567,0.098898,-37.032,-1.0118,19.888,-0.093948,-16.718
57,-0.011116,-0.016062,-0.0087136,-1.0115,-0.00073981,0.0020758,-0.0088295,0.62872,-3.391,-0.029137,-35.084,1.0974,18.569,-0.084365,-17.54,0.02215,0.011589,0.016995,-1.0036,-0.0099099,0.003144,0.0086979,-1.3026,-4.3681,1.1808,-37.003,1.3789,18.739,2.3973,-17.981
57.1,-0.0017517,-0.00051783,-0.0084712,-0.9886,-0.0036276,0.0059708,-0.0092129,-1.2403,-3.8845,-1.6698,-35.161,0.27,19.032,1.5821,-18.194,0.0043237,-0.010538,-0.00088678,-0.99977,-0.0035921,-0.0013908,0.0018015,0.040331,-5.4117,-0.24962,-35.354,3.1158,20.774,-0.54392,-17.133
57.2,-0.0038246,0.012239,-0.0043725,-0.99638,0.0018632,-0.00038714,-0.0033509,-2.6336,-5.7167,-0.11977,-33.345,1.923,18.659,0.69532,-15.499,0.023597,0.0078663,0.00017919,-1.0031,-0.0026024,-0.00016893,-0.0056395,0.11001,-6.173,-2.0083,-36.784,0.10994,19.329,-0.54328,-19.846
57.3,0.002852,0.011139,0.0039972,-1.009,0.0058112,-0.0068179,0.0016299,0.44287,-2.1979,0.95772,-34.159,-1.8752,18.789,0.6985,-16.791,0.021882,0.0050085,0.0018466,-1.0122,0.0042558,0.0014544,-0.0024628,-0.20893,-3.2782,1.8821,-34.518,-0.347,20.875,0.47085,-17.709
57.4,0.0049819,0.0049937,0.010044,-0.99792,-0.0077591,-0.0028313,0.0022681,0.14717,-3.842,0.28398,-35.787,-1.5487,18.332,-1.9781,-18.036,0.0097034,-0.004466,0.010827,-1.0212,0.007426,-0.00067337,0.0018171,-0.37152,-3.1373,-0.018319,-36.276,-0.51519,20.865,-1.4096,-18.948
57.5,0.01666,-0.0036729,0.01188,-0.99915,-0.0038559,-0.0070232,-0.002668,1.5957,-3.1785,0.44263,-35.659,-0.64961,19.375,0.30574,-16.19,0.0092999,0.0032563,-0.015356,-0.99746,0.0040657,-0.0013745,0.0023032,-1.2889,-3.8359,-0.45005,-36.773,1.1362,18.867,2.93,-17.358
57.6,-0.0024063,0.018459,-0.0013261,-1.0084,0.00034278,0.0022333,0.0082737,-1.8462,-4.3609,-0.31902,-34.773,0.47444,19.275,1.1024,-15.576,-0.0060246,0.011794,-0.0010923,-0.9822,0.0010466,0.0011127,0.0094077,-1.0392,-3.3785,-1.7801,-37.1,0.090533,18.506,0.036525,-19.113
57.7,-0.010859,-0.0065902,0.0042883,-1.0101,0.004683,0.0001024,-0.0015697,-0.28496,-1.6706,-2.3035,-34.749,0.50196,19.63,0.54334,-17.092,0.0091777,0.0026694,-0.00038307,-1.003,-0.002154,0.0071147,-0.0058876,-0.2573,-2.8107,2.296,-35.958,-0.60597,19.512,-1.7211,-19.315
57.8,-0.020503,-0.00082084,0.0044188,-1.0141,0.0015988,0.0099238,0.010653,-0.46765,-3.6366,1.6972,-35.232,-1.6189,19.697,0.20828,-15.73,0.0093097,-0.0029572,-0.0059718,-1.0073,-0.0040344,0.00039659,0.0019939,1.0273,-4.092,1.6946,-35.076,-1.9992,19.115,0.67733,-17.024
57.9,0.0012471,-0.0015718,-0.01064,-1.0091,-0.00037098,0.0078798,-0.0066872,1.1881,-3.3769,0.87085,-36.952,-1.4993,19.049,-0.36296,-17.805,-0.0059528,0.0019142,0.012146,-0.99527,-0.0029508,-0.0028786,0.0047005,-1.2703,-2.0759,0.56112,-36.161,0.46011,19.386,1.356,-18.548
58,-0.0025223,0.0017609,-4.4094e-05,-0.99959,-0.0087723,-0.0015834,-0.0070365,-0.21395,-3.9003,1.5003,-34.963,-1.4636,19.424,0.47201,-17.522,-0.018589,0.016414,0.0031301,-0.98886,-0.0021089,-0.0010175,0.0037419,0.59853,-4.0121,-0.92591,-38.007,2.0569,20.426,0.99905,-16.79
58.1,0.0013576,-0.0094433,0.0036541,-0.99551,-0.0032895,-0.0090027,0.0027824,0.14003,-2.9093,-0.18041,-35.022,0.47501,21.656,-0.073064,-16.079,0.0050296,-0.018495,-0.011714,-1.0104,0.0020953,-0.0067631,-0.0053421,-0.38609,-5.6235,1.0625,-37.215,-0.61599,20.986,-0.19217,-16.322
58.2,-0.0019806,0.0028933,-0.0060417,-0.98742,-0.0081551,0.00020005,0.0047585,0.4401,-3.9664,-2.1587,-36.046,0.45757,18.778,1.3989,-16.147,0.017267,-0.0082316,-0.0051273,-0.99589,0.0070454,-0.0045015,0.0083135,-1.4467,-4.352,1.3656,-37.031,-0.65384,19.41,-0.71788,-20.244
58.3,0.012993,-0.00036804,0.0028769,-1.0042,-0.00012031,0.0011285,0.00016618,1.323,-2.5207,-1.9961,-33.892,-0.47454,17.702,0.45576,-17.404,-0.0070228,0.017851,0.0027099,-1.0147,3.7438e-05,0.0007885,0.011001,0.58794,-4.3086,-1.2921,-36.562,2.1074,18.263,-0.036581,-18.119
58.4,-0.00019109,0.0031896,0.0020841,-1.0168,0.00071247,-0.0032092,-0.012166,1.7766,-3.4355,0.76602,-37.654,-1.058,19.595,0.51058,-16.544,0.0096457,-0.014837,0.0082974,-1.0052,0.0040634,0.0058287,0.0057307,0.50916,-4.4276,-2.0048,-36.463,0.50264,19.457,0.57283,-19.992
58.5,-0.00065026,-0.0036334,-0.022609,-0.9963,0.0026059,-0.0061851,0.0060838,0.93239,-2.2408,0.69555,-34.77,0.17942,19.452,0.12091,-15.499,0.013304,-0.010489,0.0039421,-1.0081,0.0081699,0.0090912,-0.00040339,0.42391,-3.7832,-1.2045,-34.772,1.3182,20.428,1.3052,-16.886
58.6,0.0026153,0.0042128,-0.010911,-1.0029,-0.0044521,0.0070846,0.0029048,0.26889,-3.7047,2.7152,-34.828,-0.037355,19.139,-0.8209,-17.01,0.001844,-0.0078297,0.0016265,-0.99459,0.0019091,0.0012106,0.004902,1.3888,-3.3583,-0.023609,-36.598,-0.01312,19.014,0.27957,-18.042
58.7,0.0034654,0.0078432,0.0035311,-0.99066,0.0027089,0.0011101,0.0011553,-0.5237,-3.3589,-0.31717,-36.34,0.35455,18.188,1.1932,-13.63,0.017004,-0.010437,-0.014225,-0.99921,0.0053568,-0.0025779,-0.0023194,2.04,-3.8327,1.0901,-36.95,-1.0835,19.851,-0.08042,-18.014
58.8,-0.0093604,-0.0043196,-0.0049889,-0.98963,-0.0015316,0.0057145,0.0028999,-0.20285,-3.1491,-0.038822,-37.704,-0.036673,19.516,1.5643,-16.141,-0.016236,-0.026126,0.0042848,-0.9764,0.0054933,0.0069464,0.0044995,-0.19617,-2.5155,-1.0227,-36.082,-0.61998,20.062,-1.1862,-18.987
58.9,-0.0089969,0.013429,0.01031,-0.98855,-0.0015803,-0.0091325,0.0002326,1.2619,-2.8946,0.98455,-35.928,1.0398,19.166,-0.018213,-16.209,-0.00066091,-0.0013215,0.0042924,-0.99965,0.0048721,0.0090654,-0.00587,-0.62339,-4.8812,0.93086,-36.076,2.2791,19.013,-0.51933,-15.973
59,0.0027702,-0.016858,0.0019349,-1.0114,-0.007705,-0.0095091,-0.0026827,-0.24259,-4.7207,0.75358,-35.145,-2.3721,15.688,-0.95275,-16.818,0.01387,-0.016098,-0.017059,-0.99001,-0.0019712,0.0062375,0.0097307,-0.45728,-2.9589,-0.18163,-36.573,1.167,20.791,1.5381,-15.469
59.1,-0.0019104,0.0030089,0.014142,-0.99993,-0.011553,0.0020593,0.0051809,0.19069,-2.6335,-0.54075,-36.363,0.10006,18.527,1.8109,-16.171,0.018678,-0.00071611,0.0047785,-0.99981,0.002869,-0.0021822,-0.0031011,1.0949,-3.3167,0.34576,-35.551,-0.56535,18.963,-0.77392,-18.624
59.2,-0.0016646,0.019309,-0.01505,-0.97901,-0.0084523,0.002102,0.012113,0.1071,-1.5969,-1.2825,-35.693,0.35745,19.64,1.5079,-16.003,-0.010863,0.006865,0.0099171,-0.99758,-0.013089,0.0053373,-0.0049439,0.30595,-4.2688,-0.70308,-36.63,-0.63101,20.511,-2.8697,-16.372
59.3,-0.00026177,-0.0035727,0.0024226,-1,-0.0028108,0.0020628,0.012018,-0.37559,-4.2017,-0.54148,-34.279,2.8067,18.352,-0.33372,-15.224,-0.0063181,-0.0086159,-0.0039929,-0.98102,-0.0026476,0.0056592,0.010666,-0.49209,-3.2852,0.056023,-36.004,0.73705,17.75,-1.8017,-16.873
59.4,0.0032377,0.0099982,-0.0075898,-1.0056,0.0056583,-0.0011358,0.0014336,1.7225,-2.0381,1.1026,-37.536,-1.3857,19.657,-0.04182,-15.752,0.0039764,-0.0019461,-0.0040721,-0.99094,0.0048218,0.0062994,0.0035145,-0.75672,-4.5779,1.2062,-36.78,0.76333,20.049,-0.10947,-16.086
59.5,-0.0045664,0.0058381,0.0087968,-1.0072,0.0005221,0.0059379,0.0038773,0.44784,-2.6193,0.91049,-35.723,2.1215,17.951,-1.0704,-14.469,0.0089136,0.0045758,0.0044414,-1.0052,-0.0026575,-0.0045344,-0.0061593,-0.62364,-3.0046,-0.90197,-34.947,0.12864,18.834,-0.8197,-19.523
59.6,-0.00075285,-0.0050013,0.00063764,-1.0085,0.0020512,-0.0045056,0.0063129,1.1095,-0.62989,0.77439,-35.666,-0.34786,18.951,-2.0481,-17.612,0.0022407,-0.021614,-0.0045862,-1.017,-0.00087448,0.0038268,-0.0061494,0.7537,-3.6523,0.54929,-36.845,-0.33909,19.666,-0.7437,-16.936
59.7,0.0010589,-0.011823,0.01295,-0.98167,-0.0056023,0.0020363,-0.0038015,-0.093099,-2.6476,0.52113,-35.858,-0.13045,18.946,0.90623,-17.007,-0.016066,0.0020153,-0.0092001,-1.0019,0.0037447,-0.0022845,0.0025653,1.4131,-4.7783,0.58169,-34.936,-0.62865,19.932,-2.2831,-18.047
59.8,-0.0014094,-0.012109,0.00035731,-0.99862,-0.0028518,-0.0013281,-0.0034387,-0.92776,-4.175,-0.37868,-35.693,0.78175,17.796,-0.1438,-16.941,0.014733,-0.0055551,0.0085648,-1.0013,0.008505,-0.0051299,0.0006928,1.3856,-3.2352,-0.64129,-35.491,0.11627,19.264,-1.4431,-17.867
59.9,-0.0043923,0.0039797,-0.016697,-0.99828,0.0051515,-0.00030254,0.0027763,-0.46877,-4.2159,-1.5499,-35.91,-0.18071,19.001,-0.41801,-18.881,0.0017948,-0.003368,0.009716,-1.0033,0.0015338,0.004649,-0.001336,-0.80458,-3.0787,-1.7119,-37.781,1.0962,19.637,0.56359,-17.617
60,-0.0040561,-0.0078975,0.0082982,-0.99586,-0.0019642,0.0029066,-0.0010457,0.54637,-2.1161,-0.69987,-36.037,-0.32842,20.966,-0.57095,-16.208,-0.0039894,-0.0009956,-0.0063778,-0.99155,-0.00018038,-0.0063395,-0.0090795,-0.60126,-3.4,-1.6186,-37.245,-0.35472,20.76,0.83597,-18.127
